% Interpolación Lineal (t) - PhantomX Pincher
% Config A: [-90.0, 30.0, 30.0, 30.0, 10.0]
% Config B: [90.0, 60.0, 30.0, 10.0, 10.0]
% Duración: 5.263 s
% Columnas: tiempo q1 q2 q3 q4 q5
%
0.000000	-90.0000	30.0000	30.0000	30.0000	10.0000
0.000633	-89.2800	30.1200	30.0000	29.9200	10.0000
0.021687	-88.5600	30.2400	30.0000	29.8400	10.0000
0.042918	-87.8400	30.3600	30.0000	29.7600	10.0000
0.064032	-87.1200	30.4800	30.0000	29.6800	10.0000
0.085334	-86.4000	30.6000	30.0000	29.6000	10.0000
0.106360	-85.6800	30.7200	30.0000	29.5200	10.0000
0.127257	-84.9600	30.8400	30.0000	29.4400	10.0000
0.148165	-84.2400	30.9600	30.0000	29.3600	10.0000
0.169255	-83.5200	31.0800	30.0000	29.2800	10.0000
0.190133	-82.8000	31.2000	30.0000	29.2000	10.0000
0.211126	-82.0800	31.3200	30.0000	29.1200	10.0000
0.232150	-81.3600	31.4400	30.0000	29.0400	10.0000
0.253021	-80.6400	31.5600	30.0000	28.9600	10.0000
0.273957	-79.9200	31.6800	30.0000	28.8800	10.0000
0.295025	-79.2000	31.8000	30.0000	28.8000	10.0000
0.316124	-78.4800	31.9200	30.0000	28.7200	10.0000
0.336984	-77.7600	32.0400	30.0000	28.6400	10.0000
0.358075	-77.0400	32.1600	30.0000	28.5600	10.0000
0.378964	-76.3200	32.2800	30.0000	28.4800	10.0000
0.400114	-75.6000	32.4000	30.0000	28.4000	10.0000
0.421143	-74.8800	32.5200	30.0000	28.3200	10.0000
0.441976	-74.1600	32.6400	30.0000	28.2400	10.0000
0.462815	-73.4400	32.7600	30.0000	28.1600	10.0000
0.483555	-72.7200	32.8800	30.0000	28.0800	10.0000
0.504383	-72.0000	33.0000	30.0000	28.0000	10.0000
0.525665	-71.2800	33.1200	30.0000	27.9200	10.0000
0.546846	-70.5600	33.2400	30.0000	27.8400	10.0000
0.568068	-69.8400	33.3600	30.0000	27.7600	10.0000
0.589088	-69.1200	33.4800	30.0000	27.6800	10.0000
0.610227	-68.4000	33.6000	30.0000	27.6000	10.0000
0.631184	-67.6800	33.7200	30.0000	27.5200	10.0000
0.652032	-66.9600	33.8400	30.0000	27.4400	10.0000
0.673100	-66.2400	33.9600	30.0000	27.3600	10.0000
0.694120	-65.5200	34.0800	30.0000	27.2800	10.0000
0.714933	-64.8000	34.2000	30.0000	27.2000	10.0000
0.736016	-64.0800	34.3200	30.0000	27.1200	10.0000
0.756859	-63.3600	34.4400	30.0000	27.0400	10.0000
0.777980	-62.6400	34.5600	30.0000	26.9600	10.0000
0.798790	-61.9200	34.6800	30.0000	26.8800	10.0000
0.819817	-61.2000	34.8000	30.0000	26.8000	10.0000
0.840860	-60.4800	34.9200	30.0000	26.7200	10.0000
0.861656	-59.7600	35.0400	30.0000	26.6400	10.0000
0.882816	-59.0400	35.1600	30.0000	26.5600	10.0000
0.904034	-58.3200	35.2800	30.0000	26.4800	10.0000
0.925181	-57.6000	35.4000	30.0000	26.4000	10.0000
0.946041	-56.8800	35.5200	30.0000	26.3200	10.0000
0.967235	-56.1600	35.6400	30.0000	26.2400	10.0000
0.988284	-55.4400	35.7600	30.0000	26.1600	10.0000
1.009554	-54.7200	35.8800	30.0000	26.0800	10.0000
1.030608	-54.0000	36.0000	30.0000	26.0000	10.0000
1.051598	-53.2800	36.1200	30.0000	25.9200	10.0000
1.072831	-52.5600	36.2400	30.0000	25.8400	10.0000
1.094152	-51.8400	36.3600	30.0000	25.7600	10.0000
1.115499	-51.1200	36.4800	30.0000	25.6800	10.0000
1.136818	-50.4000	36.6000	30.0000	25.6000	10.0000
1.157926	-49.6800	36.7200	30.0000	25.5200	10.0000
1.179004	-48.9600	36.8400	30.0000	25.4400	10.0000
1.199846	-48.2400	36.9600	30.0000	25.3600	10.0000
1.220912	-47.5200	37.0800	30.0000	25.2800	10.0000
1.241834	-46.8000	37.2000	30.0000	25.2000	10.0000
1.262859	-46.0800	37.3200	30.0000	25.1200	10.0000
1.283720	-45.3600	37.4400	30.0000	25.0400	10.0000
1.304780	-44.6400	37.5600	30.0000	24.9600	10.0000
1.325596	-43.9200	37.6800	30.0000	24.8800	10.0000
1.346833	-43.2000	37.8000	30.0000	24.8000	10.0000
1.367847	-42.4800	37.9200	30.0000	24.7200	10.0000
1.388916	-41.7600	38.0400	30.0000	24.6400	10.0000
1.409833	-41.0400	38.1600	30.0000	24.5600	10.0000
1.431115	-40.3200	38.2800	30.0000	24.4800	10.0000
1.452245	-39.6000	38.4000	30.0000	24.4000	10.0000
1.473328	-38.8800	38.5200	30.0000	24.3200	10.0000
1.494191	-38.1600	38.6400	30.0000	24.2400	10.0000
1.515023	-37.4400	38.7600	30.0000	24.1600	10.0000
1.535849	-36.7200	38.8800	30.0000	24.0800	10.0000
1.556608	-36.0000	39.0000	30.0000	24.0000	10.0000
1.577367	-35.2800	39.1200	30.0000	23.9200	10.0000
1.598237	-34.5600	39.2400	30.0000	23.8400	10.0000
1.619516	-33.8400	39.3600	30.0000	23.7600	10.0000
1.640564	-33.1200	39.4800	30.0000	23.6800	10.0000
1.661778	-32.4000	39.6000	30.0000	23.6000	10.0000
1.683094	-31.6800	39.7200	30.0000	23.5200	10.0000
1.704153	-30.9600	39.8400	30.0000	23.4400	10.0000
1.725051	-30.2400	39.9600	30.0000	23.3600	10.0000
1.745946	-29.5200	40.0800	30.0000	23.2800	10.0000
1.767023	-28.8000	40.2000	30.0000	23.2000	10.0000
1.787906	-28.0800	40.3200	30.0000	23.1200	10.0000
1.808989	-27.3600	40.4400	30.0000	23.0400	10.0000
1.829840	-26.6400	40.5600	30.0000	22.9600	10.0000
1.850679	-25.9200	40.6800	30.0000	22.8800	10.0000
1.871720	-25.2000	40.8000	30.0000	22.8000	10.0000
1.892648	-24.4800	40.9200	30.0000	22.7200	10.0000
1.913678	-23.7600	41.0400	30.0000	22.6400	10.0000
1.934854	-23.0400	41.1600	30.0000	22.5600	10.0000
1.955673	-22.3200	41.2800	30.0000	22.4800	10.0000
1.976695	-21.6000	41.4000	30.0000	22.4000	10.0000
1.997770	-20.8800	41.5200	30.0000	22.3200	10.0000
2.018991	-20.1600	41.6400	30.0000	22.2400	10.0000
2.039987	-19.4400	41.7600	30.0000	22.1600	10.0000
2.060835	-18.7200	41.8800	30.0000	22.0800	10.0000
2.081925	-18.0000	42.0000	30.0000	22.0000	10.0000
2.103090	-17.2800	42.1200	30.0000	21.9200	10.0000
2.124393	-16.5600	42.2400	30.0000	21.8400	10.0000
2.145507	-15.8400	42.3600	30.0000	21.7600	10.0000
2.166776	-15.1200	42.4800	30.0000	21.6800	10.0000
2.188100	-14.4000	42.6000	30.0000	21.6000	10.0000
2.209160	-13.6800	42.7200	30.0000	21.5200	10.0000
2.230427	-12.9600	42.8400	30.0000	21.4400	10.0000
2.251526	-12.2400	42.9600	30.0000	21.3600	10.0000
2.272594	-11.5200	43.0800	30.0000	21.2800	10.0000
2.293759	-10.8000	43.2000	30.0000	21.2000	10.0000
2.314799	-10.0800	43.3200	30.0000	21.1200	10.0000
2.336076	-9.3600	43.4400	30.0000	21.0400	10.0000
2.356972	-8.6400	43.5600	30.0000	20.9600	10.0000
2.377987	-7.9200	43.6800	30.0000	20.8800	10.0000
2.398829	-7.2000	43.8000	30.0000	20.8000	10.0000
2.420027	-6.4800	43.9200	30.0000	20.7200	10.0000
2.441062	-5.7600	44.0400	30.0000	20.6400	10.0000
2.461977	-5.0400	44.1600	30.0000	20.5600	10.0000
2.482939	-4.3200	44.2800	30.0000	20.4800	10.0000
2.504302	-3.6000	44.4000	30.0000	20.4000	10.0000
2.525141	-2.8800	44.5200	30.0000	20.3200	10.0000
2.545980	-2.1600	44.6400	30.0000	20.2400	10.0000
2.567013	-1.4400	44.7600	30.0000	20.1600	10.0000
2.587818	-0.7200	44.8800	30.0000	20.0800	10.0000
2.608785	0.0000	45.0000	30.0000	20.0000	10.0000
2.629757	0.7200	45.1200	30.0000	19.9200	10.0000
2.650575	1.4400	45.2400	30.0000	19.8400	10.0000
2.671951	2.1600	45.3600	30.0000	19.7600	10.0000
2.692843	2.8800	45.4800	30.0000	19.6800	10.0000
2.714084	3.6000	45.6000	30.0000	19.6000	10.0000
2.735206	4.3200	45.7200	30.0000	19.5200	10.0000
2.756482	5.0400	45.8400	30.0000	19.4400	10.0000
2.777588	5.7600	45.9600	30.0000	19.3600	10.0000
2.798579	6.4800	46.0800	30.0000	19.2800	10.0000
2.819400	7.2000	46.2000	30.0000	19.2000	10.0000
2.840510	7.9200	46.3200	30.0000	19.1200	10.0000
2.861356	8.6400	46.4400	30.0000	19.0400	10.0000
2.882340	9.3600	46.5600	30.0000	18.9600	10.0000
2.903407	10.0800	46.6800	30.0000	18.8800	10.0000
2.924475	10.8000	46.8000	30.0000	18.8000	10.0000
2.945555	11.5200	46.9200	30.0000	18.7200	10.0000
2.966662	12.2400	47.0400	30.0000	18.6400	10.0000
2.987769	12.9600	47.1600	30.0000	18.5600	10.0000
3.008775	13.6800	47.2800	30.0000	18.4800	10.0000
3.029851	14.4000	47.4000	30.0000	18.4000	10.0000
3.051225	15.1200	47.5200	30.0000	18.3200	10.0000
3.072223	15.8400	47.6400	30.0000	18.2400	10.0000
3.093287	16.5600	47.7600	30.0000	18.1600	10.0000
3.114913	17.2800	47.8800	30.0000	18.0800	10.0000
3.135911	18.0000	48.0000	30.0000	18.0000	10.0000
3.157018	18.7200	48.1200	30.0000	17.9200	10.0000
3.178149	19.4400	48.2400	30.0000	17.8400	10.0000
3.199547	20.1600	48.3600	30.0000	17.7600	10.0000
3.220972	20.8800	48.4800	30.0000	17.6800	10.0000
3.241852	21.6000	48.6000	30.0000	17.6000	10.0000
3.263132	22.3200	48.7200	30.0000	17.5200	10.0000
3.283999	23.0400	48.8400	30.0000	17.4400	10.0000
3.305265	23.7600	48.9600	30.0000	17.3600	10.0000
3.326328	24.4800	49.0800	30.0000	17.2800	10.0000
3.347420	25.2000	49.2000	30.0000	17.2000	10.0000
3.368587	25.9200	49.3200	30.0000	17.1200	10.0000
3.389614	26.6400	49.4400	30.0000	17.0400	10.0000
3.410658	27.3600	49.5600	30.0000	16.9600	10.0000
3.431773	28.0800	49.6800	30.0000	16.8800	10.0000
3.452631	28.8000	49.8000	30.0000	16.8000	10.0000
3.473628	29.5200	49.9200	30.0000	16.7200	10.0000
3.494786	30.2400	50.0400	30.0000	16.6400	10.0000
3.515961	30.9600	50.1600	30.0000	16.5600	10.0000
3.536915	31.6800	50.2800	30.0000	16.4800	10.0000
3.557735	32.4000	50.4000	30.0000	16.4000	10.0000
3.578562	33.1200	50.5200	30.0000	16.3200	10.0000
3.599664	33.8400	50.6400	30.0000	16.2400	10.0000
3.620735	34.5600	50.7600	30.0000	16.1600	10.0000
3.641991	35.2800	50.8800	30.0000	16.0800	10.0000
3.662971	36.0000	51.0000	30.0000	16.0000	10.0000
3.684253	36.7200	51.1200	30.0000	15.9200	10.0000
3.705304	37.4400	51.2400	30.0000	15.8400	10.0000
3.726381	38.1600	51.3600	30.0000	15.7600	10.0000
3.747214	38.8800	51.4800	30.0000	15.6800	10.0000
3.768292	39.6000	51.6000	30.0000	15.6000	10.0000
3.789553	40.3200	51.7200	30.0000	15.5200	10.0000
3.810940	41.0400	51.8400	30.0000	15.4400	10.0000
3.832231	41.7600	51.9600	30.0000	15.3600	10.0000
3.853127	42.4800	52.0800	30.0000	15.2800	10.0000
3.874001	43.2000	52.2000	30.0000	15.2000	10.0000
3.894854	43.9200	52.3200	30.0000	15.1200	10.0000
3.916000	44.6400	52.4400	30.0000	15.0400	10.0000
3.936914	45.3600	52.5600	30.0000	14.9600	10.0000
3.957849	46.0800	52.6800	30.0000	14.8800	10.0000
3.978932	46.8000	52.8000	30.0000	14.8000	10.0000
3.999828	47.5200	52.9200	30.0000	14.7200	10.0000
4.020645	48.2400	53.0400	30.0000	14.6400	10.0000
4.041487	48.9600	53.1600	30.0000	14.5600	10.0000
4.062542	49.6800	53.2800	30.0000	14.4800	10.0000
4.083669	50.4000	53.4000	30.0000	14.4000	10.0000
4.104938	51.1200	53.5200	30.0000	14.3200	10.0000
4.125826	51.8400	53.6400	30.0000	14.2400	10.0000
4.146856	52.5600	53.7600	30.0000	14.1600	10.0000
4.167956	53.2800	53.8800	30.0000	14.0800	10.0000
4.189033	54.0000	54.0000	30.0000	14.0000	10.0000
4.209996	54.7200	54.1200	30.0000	13.9200	10.0000
4.231192	55.4400	54.2400	30.0000	13.8400	10.0000
4.252244	56.1600	54.3600	30.0000	13.7600	10.0000
4.273553	56.8800	54.4800	30.0000	13.6800	10.0000
4.294598	57.6000	54.6000	30.0000	13.6000	10.0000
4.315631	58.3200	54.7200	30.0000	13.5200	10.0000
4.336959	59.0400	54.8400	30.0000	13.4400	10.0000
4.357926	59.7600	54.9600	30.0000	13.3600	10.0000
4.379213	60.4800	55.0800	30.0000	13.2800	10.0000
4.400058	61.2000	55.2000	30.0000	13.2000	10.0000
4.421078	61.9200	55.3200	30.0000	13.1200	10.0000
4.442099	62.6400	55.4400	30.0000	13.0400	10.0000
4.462969	63.3600	55.5600	30.0000	12.9600	10.0000
4.483760	64.0800	55.6800	30.0000	12.8800	10.0000
4.504554	64.8000	55.8000	30.0000	12.8000	10.0000
4.525344	65.5200	55.9200	30.0000	12.7200	10.0000
4.546045	66.2400	56.0400	30.0000	12.6400	10.0000
4.567141	66.9600	56.1600	30.0000	12.5600	10.0000
4.588229	67.6800	56.2800	30.0000	12.4800	10.0000
4.609117	68.4000	56.4000	30.0000	12.4000	10.0000
4.630198	69.1200	56.5200	30.0000	12.3200	10.0000
4.651093	69.8400	56.6400	30.0000	12.2400	10.0000
4.672154	70.5600	56.7600	30.0000	12.1600	10.0000
4.693300	71.2800	56.8800	30.0000	12.0800	10.0000
4.714577	72.0000	57.0000	30.0000	12.0000	10.0000
4.735851	72.7200	57.1200	30.0000	11.9200	10.0000
4.757032	73.4400	57.2400	30.0000	11.8400	10.0000
4.778224	74.1600	57.3600	30.0000	11.7600	10.0000
4.799292	74.8800	57.4800	30.0000	11.6800	10.0000
4.820559	75.6000	57.6000	30.0000	11.6000	10.0000
4.841669	76.3200	57.7200	30.0000	11.5200	10.0000
4.862692	77.0400	57.8400	30.0000	11.4400	10.0000
4.884108	77.7600	57.9600	30.0000	11.3600	10.0000
4.905064	78.4800	58.0800	30.0000	11.2800	10.0000
4.926143	79.2000	58.2000	30.0000	11.2000	10.0000
4.947041	79.9200	58.3200	30.0000	11.1200	10.0000
4.968117	80.6400	58.4400	30.0000	11.0400	10.0000
4.988989	81.3600	58.5600	30.0000	10.9600	10.0000
5.010033	82.0800	58.6800	30.0000	10.8800	10.0000
5.030918	82.8000	58.8000	30.0000	10.8000	10.0000
5.052008	83.5200	58.9200	30.0000	10.7200	10.0000
5.072838	84.2400	59.0400	30.0000	10.6400	10.0000
5.093927	84.9600	59.1600	30.0000	10.5600	10.0000
5.114758	85.6800	59.2800	30.0000	10.4800	10.0000
5.135598	86.4000	59.4000	30.0000	10.4000	10.0000
5.156784	87.1200	59.5200	30.0000	10.3200	10.0000
5.178059	87.8400	59.6400	30.0000	10.2400	10.0000
5.199071	88.5600	59.7600	30.0000	10.1600	10.0000
5.220345	89.2800	59.8800	30.0000	10.0800	10.0000
5.241544	90.0000	60.0000	30.0000	10.0000	10.0000
5.262788	90.0000	60.0000	30.0000	10.0000	10.0000
