% Interpolación Cúbica (3t² - 2t³) - PhantomX Pincher
% Config A: [-90.0, 30.0, 30.0, 30.0, 10.0]
% Config B: [90.0, 60.0, 30.0, 10.0, 10.0]
% Duración: 5.263 s
% Columnas: tiempo q1 q2 q3 q4 q5
%
0.000000	-90.0000	30.0000	30.0000	30.0000	10.0000
0.000886	-89.9914	30.0014	30.0000	29.9990	10.0000
0.021777	-89.9656	30.0057	30.0000	29.9962	10.0000
0.042649	-89.9229	30.0129	30.0000	29.9914	10.0000
0.063881	-89.8632	30.0228	30.0000	29.9848	10.0000
0.085000	-89.7869	30.0355	30.0000	29.9763	10.0000
0.106101	-89.6939	30.0510	30.0000	29.9660	10.0000
0.127264	-89.5845	30.0692	30.0000	29.9538	10.0000
0.148282	-89.4588	30.0902	30.0000	29.9399	10.0000
0.169328	-89.3170	30.1138	30.0000	29.9241	10.0000
0.190379	-89.1590	30.1402	30.0000	29.9066	10.0000
0.211497	-88.9852	30.1691	30.0000	29.8872	10.0000
0.232530	-88.7957	30.2007	30.0000	29.8662	10.0000
0.253537	-88.5905	30.2349	30.0000	29.8434	10.0000
0.274530	-88.3698	30.2717	30.0000	29.8189	10.0000
0.295645	-88.1338	30.3110	30.0000	29.7926	10.0000
0.316537	-87.8825	30.3529	30.0000	29.7647	10.0000
0.337527	-87.6162	30.3973	30.0000	29.7351	10.0000
0.358523	-87.3350	30.4442	30.0000	29.7039	10.0000
0.379639	-87.0390	30.4935	30.0000	29.6710	10.0000
0.400463	-86.7283	30.5453	30.0000	29.6365	10.0000
0.421687	-86.4031	30.5995	30.0000	29.6003	10.0000
0.442820	-86.0636	30.6561	30.0000	29.5626	10.0000
0.463888	-85.7098	30.7150	30.0000	29.5233	10.0000
0.485017	-85.3419	30.7764	30.0000	29.4824	10.0000
0.506138	-84.9600	30.8400	30.0000	29.4400	10.0000
0.527435	-84.5643	30.9059	30.0000	29.3960	10.0000
0.548530	-84.1549	30.9742	30.0000	29.3505	10.0000
0.569760	-83.7320	31.0447	30.0000	29.3036	10.0000
0.590627	-83.2957	31.1174	30.0000	29.2551	10.0000
0.611911	-82.8461	31.1923	30.0000	29.2051	10.0000
0.632924	-82.3833	31.2694	30.0000	29.1537	10.0000
0.653978	-81.9076	31.3487	30.0000	29.1008	10.0000
0.675214	-81.4190	31.4302	30.0000	29.0466	10.0000
0.696054	-80.9177	31.5137	30.0000	28.9909	10.0000
0.717110	-80.4038	31.5994	30.0000	28.9338	10.0000
0.738312	-79.8775	31.6871	30.0000	28.8753	10.0000
0.759336	-79.3389	31.7769	30.0000	28.8154	10.0000
0.780354	-78.7881	31.8687	30.0000	28.7542	10.0000
0.801370	-78.2253	31.9625	30.0000	28.6917	10.0000
0.822413	-77.6506	32.0582	30.0000	28.6278	10.0000
0.843552	-77.0641	32.1560	30.0000	28.5627	10.0000
0.864368	-76.4660	32.2557	30.0000	28.4962	10.0000
0.885057	-75.8565	32.3573	30.0000	28.4285	10.0000
0.906117	-75.2356	32.4607	30.0000	28.3595	10.0000
0.926906	-74.6035	32.5661	30.0000	28.2893	10.0000
0.947982	-73.9604	32.6733	30.0000	28.2178	10.0000
0.968923	-73.3063	32.7823	30.0000	28.1451	10.0000
0.989984	-72.6415	32.8931	30.0000	28.0713	10.0000
1.011054	-71.9660	33.0057	30.0000	27.9962	10.0000
1.032124	-71.2800	33.1200	30.0000	27.9200	10.0000
1.053516	-70.5836	33.2361	30.0000	27.8426	10.0000
1.074544	-69.8770	33.3538	30.0000	27.7641	10.0000
1.095829	-69.1604	33.4733	30.0000	27.6845	10.0000
1.116987	-68.4337	33.5944	30.0000	27.6037	10.0000
1.137835	-67.6973	33.7171	30.0000	27.5219	10.0000
1.158846	-66.9512	33.8415	30.0000	27.4390	10.0000
1.179913	-66.1955	33.9674	30.0000	27.3551	10.0000
1.200930	-65.4304	34.0949	30.0000	27.2700	10.0000
1.222005	-64.6561	34.2240	30.0000	27.1840	10.0000
1.243127	-63.8726	34.3546	30.0000	27.0970	10.0000
1.264171	-63.0802	34.4866	30.0000	27.0089	10.0000
1.285225	-62.2789	34.6202	30.0000	26.9199	10.0000
1.306356	-61.4689	34.7552	30.0000	26.8299	10.0000
1.327253	-60.6504	34.8916	30.0000	26.7389	10.0000
1.348144	-59.8234	35.0294	30.0000	26.6470	10.0000
1.369195	-58.9881	35.1687	30.0000	26.5542	10.0000
1.390269	-58.1446	35.3092	30.0000	26.4605	10.0000
1.411446	-57.2932	35.4511	30.0000	26.3659	10.0000
1.432940	-56.4338	35.5944	30.0000	26.2704	10.0000
1.453987	-55.5667	35.7389	30.0000	26.1741	10.0000
1.474874	-54.6920	35.8847	30.0000	26.0769	10.0000
1.495981	-53.8099	36.0317	30.0000	25.9789	10.0000
1.517520	-52.9204	36.1799	30.0000	25.8800	10.0000
1.538366	-52.0237	36.3294	30.0000	25.7804	10.0000
1.559216	-51.1200	36.4800	30.0000	25.6800	10.0000
1.580253	-50.2094	36.6318	30.0000	25.5788	10.0000
1.601143	-49.2920	36.7847	30.0000	25.4769	10.0000
1.622230	-48.3679	36.9387	30.0000	25.3742	10.0000
1.643612	-47.4374	37.0938	30.0000	25.2708	10.0000
1.664807	-46.5005	37.2499	30.0000	25.1667	10.0000
1.686033	-45.5574	37.4071	30.0000	25.0619	10.0000
1.707232	-44.6082	37.5653	30.0000	24.9565	10.0000
1.728319	-43.6530	37.7245	30.0000	24.8503	10.0000
1.749440	-42.6921	37.8847	30.0000	24.7436	10.0000
1.770472	-41.7254	38.0458	30.0000	24.6362	10.0000
1.791486	-40.7533	38.2078	30.0000	24.5281	10.0000
1.812513	-39.7757	38.3707	30.0000	24.4195	10.0000
1.833309	-38.7930	38.5345	30.0000	24.3103	10.0000
1.854664	-37.8050	38.6992	30.0000	24.2006	10.0000
1.875720	-36.8122	38.8646	30.0000	24.0902	10.0000
1.896525	-35.8144	39.0309	30.0000	23.9794	10.0000
1.917508	-34.8120	39.1980	30.0000	23.8680	10.0000
1.938871	-33.8050	39.3658	30.0000	23.7561	10.0000
1.959962	-32.7936	39.5344	30.0000	23.6437	10.0000
1.980838	-31.7779	39.7037	30.0000	23.5309	10.0000
2.001912	-30.7581	39.8737	30.0000	23.4176	10.0000
2.022759	-29.7342	40.0443	30.0000	23.3038	10.0000
2.043992	-28.7065	40.2156	30.0000	23.1896	10.0000
2.065500	-27.6750	40.3875	30.0000	23.0750	10.0000
2.086628	-26.6400	40.5600	30.0000	22.9600	10.0000
2.107727	-25.6015	40.7331	30.0000	22.8446	10.0000
2.129171	-24.5597	40.9067	30.0000	22.7289	10.0000
2.150235	-23.5147	41.0809	30.0000	22.6127	10.0000
2.171186	-22.4666	41.2556	30.0000	22.4963	10.0000
2.192275	-21.4157	41.4307	30.0000	22.3795	10.0000
2.213689	-20.3620	41.6063	30.0000	22.2624	10.0000
2.234652	-19.3056	41.7824	30.0000	22.1451	10.0000
2.255696	-18.2468	41.9589	30.0000	22.0274	10.0000
2.276509	-17.1856	42.1357	30.0000	21.9095	10.0000
2.297499	-16.1222	42.3130	30.0000	21.7914	10.0000
2.318489	-15.0568	42.4905	30.0000	21.6730	10.0000
2.339718	-13.9894	42.6684	30.0000	21.5544	10.0000
2.360532	-12.9202	42.8466	30.0000	21.4356	10.0000
2.381617	-11.8493	43.0251	30.0000	21.3166	10.0000
2.402647	-10.7770	43.2038	30.0000	21.1974	10.0000
2.423743	-9.7032	43.3828	30.0000	21.0781	10.0000
2.444548	-8.6282	43.5620	30.0000	20.9587	10.0000
2.465628	-7.5521	43.7413	30.0000	20.8391	10.0000
2.486643	-6.4750	43.9208	30.0000	20.7194	10.0000
2.507929	-5.3971	44.1005	30.0000	20.5997	10.0000
2.528968	-4.3185	44.2802	30.0000	20.4798	10.0000
2.550224	-3.2394	44.4601	30.0000	20.3599	10.0000
2.571295	-2.1598	44.6400	30.0000	20.2400	10.0000
2.592388	-1.0800	44.8200	30.0000	20.1200	10.0000
2.613426	0.0000	45.0000	30.0000	20.0000	10.0000
2.634505	1.0800	45.1800	30.0000	19.8800	10.0000
2.655544	2.1598	45.3600	30.0000	19.7600	10.0000
2.676633	3.2394	45.5399	30.0000	19.6401	10.0000
2.697945	4.3185	45.7198	30.0000	19.5202	10.0000
2.718964	5.3971	45.8995	30.0000	19.4003	10.0000
2.739864	6.4750	46.0792	30.0000	19.2806	10.0000
2.760826	7.5521	46.2587	30.0000	19.1609	10.0000
2.781903	8.6282	46.4380	30.0000	19.0413	10.0000
2.802890	9.7032	46.6172	30.0000	18.9219	10.0000
2.823778	10.7770	46.7962	30.0000	18.8026	10.0000
2.844677	11.8493	46.9749	30.0000	18.6834	10.0000
2.865750	12.9202	47.1534	30.0000	18.5644	10.0000
2.886645	13.9894	47.3316	30.0000	18.4456	10.0000
2.907747	15.0568	47.5095	30.0000	18.3270	10.0000
2.928595	16.1222	47.6870	30.0000	18.2086	10.0000
2.949689	17.1856	47.8643	30.0000	18.0905	10.0000
2.970518	18.2468	48.0411	30.0000	17.9726	10.0000
2.991625	19.3056	48.2176	30.0000	17.8549	10.0000
3.012680	20.3620	48.3937	30.0000	17.7376	10.0000
3.033510	21.4157	48.5693	30.0000	17.6205	10.0000
3.054678	22.4666	48.7444	30.0000	17.5037	10.0000
3.075750	23.5147	48.9191	30.0000	17.3873	10.0000
3.096643	24.5597	49.0933	30.0000	17.2711	10.0000
3.117723	25.6015	49.2669	30.0000	17.1554	10.0000
3.138792	26.6400	49.4400	30.0000	17.0400	10.0000
3.159979	27.6750	49.6125	30.0000	16.9250	10.0000
3.181027	28.7065	49.7844	30.0000	16.8104	10.0000
3.202328	29.7342	49.9557	30.0000	16.6962	10.0000
3.223745	30.7581	50.1263	30.0000	16.5824	10.0000
3.244750	31.7779	50.2963	30.0000	16.4691	10.0000
3.265823	32.7936	50.4656	30.0000	16.3563	10.0000
3.286824	33.8050	50.6342	30.0000	16.2439	10.0000
3.308046	34.8120	50.8020	30.0000	16.1320	10.0000
3.329052	35.8144	50.9691	30.0000	16.0206	10.0000
3.350083	36.8122	51.1354	30.0000	15.9098	10.0000
3.371137	37.8050	51.3008	30.0000	15.7994	10.0000
3.392198	38.7930	51.4655	30.0000	15.6897	10.0000
3.413267	39.7757	51.6293	30.0000	15.5805	10.0000
3.434412	40.7533	51.7922	30.0000	15.4719	10.0000
3.455554	41.7254	51.9542	30.0000	15.3638	10.0000
3.476513	42.6921	52.1153	30.0000	15.2564	10.0000
3.497540	43.6530	52.2755	30.0000	15.1497	10.0000
3.518364	44.6082	52.4347	30.0000	15.0435	10.0000
3.539369	45.5574	52.5929	30.0000	14.9381	10.0000
3.560251	46.5005	52.7501	30.0000	14.8333	10.0000
3.581292	47.4374	52.9062	30.0000	14.7292	10.0000
3.602328	48.3679	53.0613	30.0000	14.6258	10.0000
3.623363	49.2920	53.2153	30.0000	14.5231	10.0000
3.644544	50.2094	53.3682	30.0000	14.4212	10.0000
3.665702	51.1200	53.5200	30.0000	14.3200	10.0000
3.686516	52.0237	53.6706	30.0000	14.2196	10.0000
3.707193	52.9204	53.8201	30.0000	14.1200	10.0000
3.727905	53.8099	53.9683	30.0000	14.0211	10.0000
3.748607	54.6920	54.1153	30.0000	13.9231	10.0000
3.769424	55.5667	54.2611	30.0000	13.8259	10.0000
3.790498	56.4338	54.4056	30.0000	13.7296	10.0000
3.811534	57.2932	54.5489	30.0000	13.6341	10.0000
3.832619	58.1446	54.6908	30.0000	13.5395	10.0000
3.853733	58.9881	54.8313	30.0000	13.4458	10.0000
3.874626	59.8234	54.9706	30.0000	13.3530	10.0000
3.895536	60.6504	55.1084	30.0000	13.2611	10.0000
3.916532	61.4689	55.2448	30.0000	13.1701	10.0000
3.937226	62.2789	55.3798	30.0000	13.0801	10.0000
3.958305	63.0802	55.5134	30.0000	12.9911	10.0000
3.979125	63.8726	55.6454	30.0000	12.9030	10.0000
4.000225	64.6561	55.7760	30.0000	12.8160	10.0000
4.021289	65.4304	55.9051	30.0000	12.7300	10.0000
4.042179	66.1955	56.0326	30.0000	12.6449	10.0000
4.063270	66.9512	56.1585	30.0000	12.5610	10.0000
4.084145	67.6973	56.2829	30.0000	12.4781	10.0000
4.105386	68.4337	56.4056	30.0000	12.3963	10.0000
4.126404	69.1604	56.5267	30.0000	12.3155	10.0000
4.147530	69.8770	56.6462	30.0000	12.2359	10.0000
4.168637	70.5836	56.7639	30.0000	12.1574	10.0000
4.189657	71.2800	56.8800	30.0000	12.0800	10.0000
4.210951	71.9660	56.9943	30.0000	12.0038	10.0000
4.232074	72.6415	57.1069	30.0000	11.9287	10.0000
4.253141	73.3063	57.2177	30.0000	11.8549	10.0000
4.274320	73.9604	57.3267	30.0000	11.7822	10.0000
4.295193	74.6035	57.4339	30.0000	11.7107	10.0000
4.316662	75.2356	57.5393	30.0000	11.6405	10.0000
4.337613	75.8565	57.6427	30.0000	11.5715	10.0000
4.358911	76.4660	57.7443	30.0000	11.5038	10.0000
4.379908	77.0641	57.8440	30.0000	11.4373	10.0000
4.400954	77.6506	57.9418	30.0000	11.3722	10.0000
4.421862	78.2253	58.0375	30.0000	11.3083	10.0000
4.442938	78.7881	58.1313	30.0000	11.2458	10.0000
4.463862	79.3389	58.2231	30.0000	11.1846	10.0000
4.484943	79.8775	58.3129	30.0000	11.1247	10.0000
4.505837	80.4038	58.4006	30.0000	11.0662	10.0000
4.526919	80.9177	58.4863	30.0000	11.0091	10.0000
4.547803	81.4190	58.5698	30.0000	10.9534	10.0000
4.568955	81.9076	58.6513	30.0000	10.8992	10.0000
4.589803	82.3833	58.7306	30.0000	10.8463	10.0000
4.610874	82.8461	58.8077	30.0000	10.7949	10.0000
4.631745	83.2957	58.8826	30.0000	10.7449	10.0000
4.652656	83.7320	58.9553	30.0000	10.6964	10.0000
4.673685	84.1549	59.0258	30.0000	10.6495	10.0000
4.695079	84.5643	59.0941	30.0000	10.6040	10.0000
4.716132	84.9600	59.1600	30.0000	10.5600	10.0000
4.737246	85.3419	59.2236	30.0000	10.5176	10.0000
4.758473	85.7098	59.2850	30.0000	10.4767	10.0000
4.779767	86.0636	59.3439	30.0000	10.4374	10.0000
4.800844	86.4031	59.4005	30.0000	10.3997	10.0000
4.821853	86.7283	59.4547	30.0000	10.3635	10.0000
4.842670	87.0390	59.5065	30.0000	10.3290	10.0000
4.863526	87.3350	59.5558	30.0000	10.2961	10.0000
4.884783	87.6162	59.6027	30.0000	10.2649	10.0000
4.905725	87.8825	59.6471	30.0000	10.2353	10.0000
4.926911	88.1338	59.6890	30.0000	10.2074	10.0000
4.947804	88.3698	59.7283	30.0000	10.1811	10.0000
4.968689	88.5905	59.7651	30.0000	10.1566	10.0000
4.989541	88.7957	59.7993	30.0000	10.1338	10.0000
5.010623	88.9852	59.8309	30.0000	10.1128	10.0000
5.031525	89.1590	59.8598	30.0000	10.0934	10.0000
5.052549	89.3170	59.8862	30.0000	10.0759	10.0000
5.073405	89.4588	59.9098	30.0000	10.0601	10.0000
5.094417	89.5845	59.9308	30.0000	10.0462	10.0000
5.115435	89.6939	59.9490	30.0000	10.0340	10.0000
5.136279	89.7869	59.9645	30.0000	10.0237	10.0000
5.157318	89.8632	59.9772	30.0000	10.0152	10.0000
5.178157	89.9229	59.9871	30.0000	10.0086	10.0000
5.199278	89.9656	59.9943	30.0000	10.0038	10.0000
5.220297	89.9914	59.9986	30.0000	10.0010	10.0000
5.241632	90.0000	60.0000	30.0000	10.0000	10.0000
5.262503	90.0000	60.0000	30.0000	10.0000	10.0000
