% Trayectoria senoidal - Base (shoulder pan)
% q(t) = 0.0 + A*sin(2*pi*f*t)
% Columnas: t1 q1 t2 q2 t3 q3 t4 q4
%
0.000777	0.0000	0.001021	0.0000	0.000751	0.0000	0.000715	0.0000
0.021724	0.6283	0.021926	3.1395	0.021646	0.7540	0.021611	3.7674
0.042657	1.2565	0.042957	6.2667	0.042607	1.5078	0.042733	7.5200
0.063582	1.8845	0.063876	9.3691	0.063509	2.2614	0.063718	11.2429
0.084457	2.5122	0.084868	12.4345	0.084200	3.0147	0.084735	14.9214
0.105194	3.1395	0.105703	15.4508	0.105318	3.7674	0.105753	18.5410
0.126086	3.7663	0.126873	18.4062	0.126202	4.5196	0.126547	22.0875
0.146990	4.3926	0.147686	21.2890	0.147003	5.2711	0.147344	25.5468
0.167883	5.0181	0.168581	24.0877	0.167870	6.0217	0.168072	28.9052
0.188802	5.6428	0.189481	26.7913	0.188895	6.7714	0.189106	32.1496
0.209718	6.2667	0.210386	29.3893	0.209738	7.5200	0.209903	35.2671
0.230600	6.8895	0.231262	31.8712	0.230651	8.2674	0.230868	38.2454
0.251492	7.5113	0.252127	34.2274	0.251535	9.0135	0.252066	41.0728
0.272474	8.1319	0.273022	36.4484	0.272453	9.7582	0.273287	43.7381
0.292976	8.7512	0.293891	38.5257	0.293340	10.5014	0.294286	46.2308
0.313842	9.3691	0.314569	40.4508	0.314447	11.2429	0.315288	48.5410
0.334780	9.9855	0.335230	42.2164	0.335334	11.9826	0.336377	50.6597
0.355324	10.6004	0.356117	43.8153	0.356148	12.7204	0.357293	52.5784
0.375908	11.2135	0.377059	45.2414	0.376879	13.4562	0.378259	54.2896
0.396835	11.8249	0.397965	46.4888	0.397684	14.1899	0.399397	55.7866
0.417723	12.4345	0.418628	47.5528	0.418568	14.9214	0.420207	57.0634
0.438287	13.0421	0.439464	48.4292	0.439265	15.6505	0.441198	58.1150
0.459241	13.6476	0.460351	49.1144	0.460151	16.3771	0.462228	58.9372
0.480120	14.2510	0.481235	49.6057	0.481061	17.1012	0.483458	59.5269
0.501019	14.8521	0.502140	49.9013	0.501941	17.8225	0.504464	59.8816
0.521846	15.4508	0.522891	50.0000	0.523081	18.5410	0.525463	60.0000
0.542728	16.0472	0.543962	49.9013	0.543954	19.2566	0.546365	59.8816
0.563632	16.6410	0.565044	49.6057	0.564954	19.9692	0.567391	59.5269
0.584555	17.2321	0.585814	49.1144	0.585875	20.6786	0.588406	58.9372
0.605083	17.8206	0.606666	48.4292	0.606611	21.3847	0.609395	58.1150
0.625594	18.4062	0.627646	47.5528	0.627501	22.0875	0.630279	57.0634
0.646519	18.9890	0.648500	46.4888	0.648318	22.7867	0.651148	55.7866
0.667425	19.5687	0.669712	45.2414	0.669228	23.4824	0.672049	54.2896
0.688203	20.1453	0.690565	43.8153	0.690122	24.1744	0.692778	52.5784
0.709092	20.7188	0.711417	42.2164	0.710808	24.8625	0.713650	50.6597
0.729946	21.2890	0.732202	40.4508	0.731673	25.5468	0.734390	48.5410
0.750816	21.8558	0.753070	38.5257	0.752567	26.2269	0.755291	46.2308
0.771726	22.4192	0.773975	36.4484	0.773471	26.9030	0.776028	43.7381
0.792807	22.9790	0.794819	34.2274	0.794142	27.5748	0.796892	41.0728
0.813694	23.5352	0.815477	31.8712	0.815056	28.2422	0.817726	38.2454
0.834552	24.0877	0.836319	29.3893	0.835867	28.9052	0.838608	35.2671
0.855654	24.6364	0.857196	26.7913	0.856698	29.5636	0.859530	32.1496
0.876560	25.1812	0.877925	24.0877	0.877592	30.2174	0.880636	28.9052
0.897151	25.7220	0.898781	21.2890	0.898490	30.8664	0.901537	25.5468
0.918279	26.2587	0.919866	18.4062	0.919258	31.5105	0.922577	22.0875
0.939209	26.7913	0.940647	15.4508	0.940050	32.1496	0.943318	18.5410
0.959926	27.3197	0.961461	12.4345	0.961180	32.7837	0.964391	14.9214
0.980877	27.8438	0.982224	9.3691	0.982081	33.4125	0.985284	11.2429
1.001786	28.3634	1.003113	6.2667	1.002974	34.0361	1.006357	7.5200
1.022333	28.8786	1.023971	3.1395	1.023648	34.6544	1.027248	3.7674
1.042928	29.3893	1.044767	0.0000	1.044307	35.2671	1.048084	0.0000
1.063829	29.8952	1.065595	-3.1395	1.065178	35.8743	1.068905	-3.7674
1.084890	30.3965	1.086522	-6.2667	1.086074	36.4758	1.090057	-7.5200
1.105419	30.8930	1.107456	-9.3691	1.106959	37.0716	1.110912	-11.2429
1.125917	31.3846	1.128347	-12.4345	1.127607	37.6615	1.131614	-14.9214
1.146826	31.8712	1.149420	-15.4508	1.148669	38.2454	1.152510	-18.5410
1.167721	32.3528	1.170307	-18.4062	1.169554	38.8234	1.173510	-22.0875
1.188417	32.8293	1.191163	-21.2890	1.190245	39.3951	1.194521	-25.5468
1.209528	33.3006	1.212055	-24.0877	1.210944	39.9607	1.215431	-28.9052
1.230599	33.7666	1.232919	-26.7913	1.232031	40.5200	1.236310	-32.1496
1.251683	34.2274	1.253786	-29.3893	1.252898	41.0728	1.257247	-35.2671
1.272218	34.6827	1.274648	-31.8712	1.273741	41.6192	1.278147	-38.2454
1.293100	35.1325	1.295363	-34.2274	1.294532	42.1590	1.298785	-41.0728
1.313995	35.5768	1.316244	-36.4484	1.315400	42.6921	1.319504	-43.7381
1.334928	36.0155	1.337076	-38.5257	1.336219	43.2185	1.340413	-46.2308
1.355909	36.4484	1.357961	-40.4508	1.356906	43.7381	1.361326	-48.5410
1.376818	36.8757	1.378649	-42.2164	1.377787	44.2508	1.382248	-50.6597
1.397736	37.2971	1.399379	-43.8153	1.398633	44.7565	1.403059	-52.5784
1.418605	37.7126	1.420285	-45.2414	1.419352	45.2551	1.424325	-54.2896
1.439403	38.1221	1.441159	-46.4888	1.440251	45.7466	1.445261	-55.7866
1.460303	38.5257	1.462029	-47.5528	1.461040	46.2308	1.466199	-57.0634
1.480811	38.9231	1.482631	-48.4292	1.482070	46.7077	1.487137	-58.1150
1.501664	39.3144	1.503517	-49.1144	1.502961	47.1773	1.507899	-58.9372
1.522221	39.6995	1.524377	-49.6057	1.523820	47.6394	1.528778	-59.5269
1.542705	40.0783	1.545239	-49.9013	1.544459	48.0940	1.549498	-59.8816
1.563323	40.4508	1.566121	-50.0000	1.565305	48.5410	1.570228	-60.0000
1.584171	40.8170	1.587020	-49.9013	1.586111	48.9804	1.591128	-59.8816
1.604968	41.1766	1.608140	-49.6057	1.606948	49.4120	1.612018	-59.5269
1.625510	41.5298	1.628864	-49.1144	1.627586	49.8358	1.632898	-58.9372
1.646592	41.8764	1.649874	-48.4292	1.648347	50.2517	1.653661	-58.1150
1.667490	42.2164	1.670722	-47.5528	1.669196	50.6597	1.674406	-57.0634
1.688024	42.5497	1.691604	-46.4888	1.689888	51.0597	1.695573	-55.7866
1.708590	42.8763	1.712313	-45.2414	1.710830	51.4516	1.716409	-54.2896
1.729483	43.1962	1.733109	-43.8153	1.731625	51.8354	1.737320	-52.5784
1.750497	43.5092	1.753883	-42.2164	1.752445	52.2110	1.758205	-50.6597
1.771307	43.8153	1.774578	-40.4508	1.773304	52.5784	1.779126	-48.5410
1.792238	44.1146	1.795469	-38.5257	1.793947	52.9375	1.800267	-46.2308
1.813414	44.4068	1.816346	-36.4484	1.814830	53.2882	1.821183	-43.7381
1.834319	44.6921	1.837142	-34.2274	1.835595	53.6305	1.842076	-41.0728
1.855393	44.9703	1.858027	-31.8712	1.856318	53.9643	1.862983	-38.2454
1.875908	45.2414	1.878717	-29.3893	1.877212	54.2896	1.883921	-35.2671
1.896826	45.5053	1.899607	-26.7913	1.898001	54.6064	1.905148	-32.1496
1.917725	45.7621	1.920496	-24.0877	1.918873	54.9145	1.926387	-28.9052
1.938258	46.0116	1.941348	-21.2890	1.939697	55.2139	1.947072	-25.5468
1.959145	46.2539	1.962106	-18.4062	1.960582	55.5046	1.967990	-22.0875
1.980329	46.4888	1.982909	-15.4508	1.981532	55.7866	1.989169	-18.5410
2.001223	46.7164	2.003956	-12.4345	2.002451	56.0597	2.009867	-14.9214
2.021922	46.9367	2.024819	-9.3691	2.023346	56.3240	2.030622	-11.2429
2.042802	47.1495	2.045929	-6.2667	2.044086	56.5794	2.051555	-7.5200
2.063692	47.3549	2.066821	-3.1395	2.065087	56.8259	2.072437	-3.7674
2.084781	47.5528	2.087690	-0.0000	2.085894	57.0634	2.093164	-0.0000
2.105316	47.7432	2.087690	-0.0000	2.106722	57.2919	2.093164	-0.0000
2.126073	47.9261	2.087690	-0.0000	2.127614	57.5113	2.093164	-0.0000
2.147033	48.1014	2.087690	-0.0000	2.148816	57.7217	2.093164	-0.0000
2.167901	48.2691	2.087690	-0.0000	2.169690	57.9229	2.093164	-0.0000
2.188470	48.4292	2.087690	-0.0000	2.190462	58.1150	2.093164	-0.0000
2.209362	48.5816	2.087690	-0.0000	2.211315	58.2979	2.093164	-0.0000
2.230449	48.7263	2.087690	-0.0000	2.232067	58.4716	2.093164	-0.0000
2.251328	48.8634	2.087690	-0.0000	2.252889	58.6361	2.093164	-0.0000
2.271850	48.9928	2.087690	-0.0000	2.274131	58.7913	2.093164	-0.0000
2.292518	49.1144	2.087690	-0.0000	2.294909	58.9372	2.093164	-0.0000
2.313550	49.2282	2.087690	-0.0000	2.315732	59.0739	2.093164	-0.0000
2.334589	49.3343	2.087690	-0.0000	2.336799	59.2012	2.093164	-0.0000
2.355454	49.4326	2.087690	-0.0000	2.357701	59.3191	2.093164	-0.0000
2.375968	49.5231	2.087690	-0.0000	2.378469	59.4277	2.093164	-0.0000
2.396791	49.6057	2.087690	-0.0000	2.399313	59.5269	2.093164	-0.0000
2.417633	49.6806	2.087690	-0.0000	2.420196	59.6167	2.093164	-0.0000
2.438492	49.7476	2.087690	-0.0000	2.441052	59.6971	2.093164	-0.0000
2.459345	49.8067	2.087690	-0.0000	2.462044	59.7680	2.093164	-0.0000
2.480200	49.8579	2.087690	-0.0000	2.482943	59.8295	2.093164	-0.0000
2.501013	49.9013	2.087690	-0.0000	2.503719	59.8816	2.093164	-0.0000
2.521762	49.9368	2.087690	-0.0000	2.524437	59.9242	2.093164	-0.0000
2.542782	49.9645	2.087690	-0.0000	2.545090	59.9574	2.093164	-0.0000
2.563685	49.9842	2.087690	-0.0000	2.565809	59.9811	2.093164	-0.0000
2.584531	49.9961	2.087690	-0.0000	2.586889	59.9953	2.093164	-0.0000
2.605022	50.0000	2.087690	-0.0000	2.607609	60.0000	2.093164	-0.0000
2.625865	49.9961	2.087690	-0.0000	2.628507	59.9953	2.093164	-0.0000
2.647035	49.9842	2.087690	-0.0000	2.649344	59.9811	2.093164	-0.0000
2.667909	49.9645	2.087690	-0.0000	2.670412	59.9574	2.093164	-0.0000
2.688759	49.9368	2.087690	-0.0000	2.691331	59.9242	2.093164	-0.0000
2.709558	49.9013	2.087690	-0.0000	2.712185	59.8816	2.093164	-0.0000
2.730414	49.8579	2.087690	-0.0000	2.733069	59.8295	2.093164	-0.0000
2.751296	49.8067	2.087690	-0.0000	2.754171	59.7680	2.093164	-0.0000
2.772153	49.7476	2.087690	-0.0000	2.775048	59.6971	2.093164	-0.0000
2.792978	49.6806	2.087690	-0.0000	2.795675	59.6167	2.093164	-0.0000
2.814018	49.6057	2.087690	-0.0000	2.816658	59.5269	2.093164	-0.0000
2.835348	49.5231	2.087690	-0.0000	2.837705	59.4277	2.093164	-0.0000
2.856286	49.4326	2.087690	-0.0000	2.858732	59.3191	2.093164	-0.0000
2.877156	49.3343	2.087690	-0.0000	2.879644	59.2012	2.093164	-0.0000
2.898031	49.2282	2.087690	-0.0000	2.900559	59.0739	2.093164	-0.0000
2.918889	49.1144	2.087690	-0.0000	2.921678	58.9372	2.093164	-0.0000
2.939585	48.9928	2.087690	-0.0000	2.942596	58.7913	2.093164	-0.0000
2.960222	48.8634	2.087690	-0.0000	2.963510	58.6361	2.093164	-0.0000
2.981135	48.7263	2.087690	-0.0000	2.984443	58.4716	2.093164	-0.0000
3.001765	48.5816	2.087690	-0.0000	3.005316	58.2979	2.093164	-0.0000
3.022832	48.4292	2.087690	-0.0000	3.026245	58.1150	2.093164	-0.0000
3.043889	48.2691	2.087690	-0.0000	3.047093	57.9229	2.093164	-0.0000
3.064422	48.1014	2.087690	-0.0000	3.068251	57.7217	2.093164	-0.0000
3.085479	47.9261	2.087690	-0.0000	3.089263	57.5113	2.093164	-0.0000
3.106942	47.7432	2.087690	-0.0000	3.110146	57.2919	2.093164	-0.0000
3.127802	47.5528	2.087690	-0.0000	3.131107	57.0634	2.093164	-0.0000
3.148373	47.3549	2.087690	-0.0000	3.152027	56.8259	2.093164	-0.0000
3.169003	47.1495	2.087690	-0.0000	3.172899	56.5794	2.093164	-0.0000
3.190281	46.9367	2.087690	-0.0000	3.194067	56.3240	2.093164	-0.0000
3.211314	46.7164	2.087690	-0.0000	3.214973	56.0597	2.093164	-0.0000
3.232145	46.4888	2.087690	-0.0000	3.235886	55.7866	2.093164	-0.0000
3.252984	46.2539	2.087690	-0.0000	3.256601	55.5046	2.093164	-0.0000
3.273866	46.0116	2.087690	-0.0000	3.277418	55.2139	2.093164	-0.0000
3.294746	45.7621	2.087690	-0.0000	3.298246	54.9145	2.093164	-0.0000
3.315662	45.5053	2.087690	-0.0000	3.319235	54.6064	2.093164	-0.0000
3.336923	45.2414	2.087690	-0.0000	3.340145	54.2896	2.093164	-0.0000
3.357803	44.9703	2.087690	-0.0000	3.360883	53.9643	2.093164	-0.0000
3.378773	44.6921	2.087690	-0.0000	3.381569	53.6305	2.093164	-0.0000
3.399643	44.4068	2.087690	-0.0000	3.402465	53.2882	2.093164	-0.0000
3.420544	44.1146	2.087690	-0.0000	3.423187	52.9375	2.093164	-0.0000
3.441382	43.8153	2.087690	-0.0000	3.443883	52.5784	2.093164	-0.0000
3.462249	43.5092	2.087690	-0.0000	3.464664	52.2110	2.093164	-0.0000
3.483103	43.1962	2.087690	-0.0000	3.485567	51.8354	2.093164	-0.0000
3.503659	42.8763	2.087690	-0.0000	3.506464	51.4516	2.093164	-0.0000
3.524287	42.5497	2.087690	-0.0000	3.527163	51.0597	2.093164	-0.0000
3.545314	42.2164	2.087690	-0.0000	3.548019	50.6597	2.093164	-0.0000
3.566405	41.8764	2.087690	-0.0000	3.568885	50.2517	2.093164	-0.0000
3.587267	41.5298	2.087690	-0.0000	3.589739	49.8358	2.093164	-0.0000
3.607919	41.1766	2.087690	-0.0000	3.610500	49.4120	2.093164	-0.0000
3.628792	40.8170	2.087690	-0.0000	3.631413	48.9804	2.093164	-0.0000
3.649706	40.4508	2.087690	-0.0000	3.652331	48.5410	2.093164	-0.0000
3.670332	40.0783	2.087690	-0.0000	3.673220	48.0940	2.093164	-0.0000
3.691235	39.6995	2.087690	-0.0000	3.694012	47.6394	2.093164	-0.0000
3.712144	39.3144	2.087690	-0.0000	3.714693	47.1773	2.093164	-0.0000
3.733072	38.9231	2.087690	-0.0000	3.735634	46.7077	2.093164	-0.0000
3.754234	38.5257	2.087690	-0.0000	3.756429	46.2308	2.093164	-0.0000
3.775121	38.1221	2.087690	-0.0000	3.777289	45.7466	2.093164	-0.0000
3.795928	37.7126	2.087690	-0.0000	3.798119	45.2551	2.093164	-0.0000
3.816798	37.2971	2.087690	-0.0000	3.819054	44.7565	2.093164	-0.0000
3.837682	36.8757	2.087690	-0.0000	3.839982	44.2508	2.093164	-0.0000
3.858342	36.4484	2.087690	-0.0000	3.860737	43.7381	2.093164	-0.0000
3.879198	36.0155	2.087690	-0.0000	3.881766	43.2185	2.093164	-0.0000
3.900091	35.5768	2.087690	-0.0000	3.902824	42.6921	2.093164	-0.0000
3.920916	35.1325	2.087690	-0.0000	3.923663	42.1590	2.093164	-0.0000
3.941487	34.6827	2.087690	-0.0000	3.944510	41.6192	2.093164	-0.0000
3.962367	34.2274	2.087690	-0.0000	3.965389	41.0728	2.093164	-0.0000
3.983283	33.7666	2.087690	-0.0000	3.986277	40.5200	2.093164	-0.0000
4.004161	33.3006	2.087690	-0.0000	4.007028	39.9607	2.093164	-0.0000
4.025006	32.8293	2.087690	-0.0000	4.027705	39.3951	2.093164	-0.0000
4.046078	32.3528	2.087690	-0.0000	4.048549	38.8234	2.093164	-0.0000
4.067028	31.8712	2.087690	-0.0000	4.069456	38.2454	2.093164	-0.0000
4.087491	31.3846	2.087690	-0.0000	4.090206	37.6615	2.093164	-0.0000
4.108060	30.8930	2.087690	-0.0000	4.111128	37.0716	2.093164	-0.0000
4.128865	30.3965	2.087690	-0.0000	4.131909	36.4758	2.093164	-0.0000
4.149801	29.8952	2.087690	-0.0000	4.152898	35.8743	2.093164	-0.0000
4.170293	29.3893	2.087690	-0.0000	4.173835	35.2671	2.093164	-0.0000
4.190989	28.8786	2.087690	-0.0000	4.194345	34.6544	2.093164	-0.0000
4.212110	28.3634	2.087690	-0.0000	4.215338	34.0361	2.093164	-0.0000
4.232642	27.8438	2.087690	-0.0000	4.235860	33.4125	2.093164	-0.0000
4.253583	27.3197	2.087690	-0.0000	4.256423	32.7837	2.093164	-0.0000
4.274487	26.7913	2.087690	-0.0000	4.277382	32.1496	2.093164	-0.0000
4.295098	26.2587	2.087690	-0.0000	4.298397	31.5105	2.093164	-0.0000
4.315984	25.7220	2.087690	-0.0000	4.319282	30.8664	2.093164	-0.0000
4.337128	25.1812	2.087690	-0.0000	4.340146	30.2174	2.093164	-0.0000
4.358019	24.6364	2.087690	-0.0000	4.361039	29.5636	2.093164	-0.0000
4.378938	24.0877	2.087690	-0.0000	4.381868	28.9052	2.093164	-0.0000
4.399712	23.5352	2.087690	-0.0000	4.402764	28.2422	2.093164	-0.0000
4.420251	22.9790	2.087690	-0.0000	4.423570	27.5748	2.093164	-0.0000
4.441132	22.4192	2.087690	-0.0000	4.444395	26.9030	2.093164	-0.0000
4.461760	21.8558	2.087690	-0.0000	4.465320	26.2269	2.093164	-0.0000
4.482670	21.2890	2.087690	-0.0000	4.486216	25.5468	2.093164	-0.0000
4.503816	20.7188	2.087690	-0.0000	4.507120	24.8625	2.093164	-0.0000
4.524750	20.1453	2.087690	-0.0000	4.528017	24.1744	2.093164	-0.0000
4.545470	19.5687	2.087690	-0.0000	4.548795	23.4824	2.093164	-0.0000
4.566387	18.9890	2.087690	-0.0000	4.569758	22.7867	2.093164	-0.0000
4.586975	18.4062	2.087690	-0.0000	4.590617	22.0875	2.093164	-0.0000
4.607532	17.8206	2.087690	-0.0000	4.611312	21.3847	2.093164	-0.0000
4.628448	17.2321	2.087690	-0.0000	4.632114	20.6786	2.093164	-0.0000
4.649379	16.6410	2.087690	-0.0000	4.653016	19.9692	2.093164	-0.0000
4.670314	16.0472	2.087690	-0.0000	4.673687	19.2566	2.093164	-0.0000
4.690940	15.4508	2.087690	-0.0000	4.694499	18.5410	2.093164	-0.0000
4.712035	14.8521	2.087690	-0.0000	4.715417	17.8225	2.093164	-0.0000
4.732934	14.2510	2.087690	-0.0000	4.736336	17.1012	2.093164	-0.0000
4.753832	13.6476	2.087690	-0.0000	4.757253	16.3771	2.093164	-0.0000
4.774763	13.0421	2.087690	-0.0000	4.778160	15.6505	2.093164	-0.0000
4.795970	12.4345	2.087690	-0.0000	4.798981	14.9214	2.093164	-0.0000
4.817031	11.8249	2.087690	-0.0000	4.819965	14.1899	2.093164	-0.0000
4.837574	11.2135	2.087690	-0.0000	4.840821	13.4562	2.093164	-0.0000
4.858520	10.6004	2.087690	-0.0000	4.862095	12.7204	2.093164	-0.0000
4.879620	9.9855	2.087690	-0.0000	4.883003	11.9826	2.093164	-0.0000
4.900729	9.3691	2.087690	-0.0000	4.903868	11.2429	2.093164	-0.0000
4.921655	8.7512	2.087690	-0.0000	4.924568	10.5014	2.093164	-0.0000
4.942600	8.1319	2.087690	-0.0000	4.945245	9.7582	2.093164	-0.0000
4.963686	7.5113	2.087690	-0.0000	4.966170	9.0135	2.093164	-0.0000
4.984617	6.8895	2.087690	-0.0000	4.987301	8.2674	2.093164	-0.0000
5.005334	6.2667	2.087690	-0.0000	5.008165	7.5200	2.093164	-0.0000
5.025901	5.6428	2.087690	-0.0000	5.028998	6.7714	2.093164	-0.0000
5.046941	5.0181	2.087690	-0.0000	5.049764	6.0217	2.093164	-0.0000
5.068038	4.3926	2.087690	-0.0000	5.070790	5.2711	2.093164	-0.0000
5.088676	3.7663	2.087690	-0.0000	5.091640	4.5196	2.093164	-0.0000
5.109556	3.1395	2.087690	-0.0000	5.112512	3.7674	2.093164	-0.0000
5.130453	2.5122	2.087690	-0.0000	5.133215	3.0147	2.093164	-0.0000
5.151388	1.8845	2.087690	-0.0000	5.153878	2.2614	2.093164	-0.0000
5.172314	1.2565	2.087690	-0.0000	5.174534	1.5078	2.093164	-0.0000
5.193246	0.6283	2.087690	-0.0000	5.195190	0.7540	2.093164	-0.0000
5.214181	0.0000	2.087690	-0.0000	5.216057	0.0000	2.093164	-0.0000
5.235132	-0.6283	2.087690	-0.0000	5.236914	-0.7540	2.093164	-0.0000
5.256088	-1.2565	2.087690	-0.0000	5.257999	-1.5078	2.093164	-0.0000
5.276961	-1.8845	2.087690	-0.0000	5.278859	-2.2614	2.093164	-0.0000
5.297845	-2.5122	2.087690	-0.0000	5.299508	-3.0147	2.093164	-0.0000
5.318788	-3.1395	2.087690	-0.0000	5.320383	-3.7674	2.093164	-0.0000
5.339691	-3.7663	2.087690	-0.0000	5.341081	-4.5196	2.093164	-0.0000
5.360566	-4.3926	2.087690	-0.0000	5.361975	-5.2711	2.093164	-0.0000
5.381506	-5.0181	2.087690	-0.0000	5.382801	-6.0217	2.093164	-0.0000
5.402671	-5.6428	2.087690	-0.0000	5.403733	-6.7714	2.093164	-0.0000
5.423844	-6.2667	2.087690	-0.0000	5.424625	-7.5200	2.093164	-0.0000
5.444755	-6.8895	2.087690	-0.0000	5.445429	-8.2674	2.093164	-0.0000
5.465589	-7.5113	2.087690	-0.0000	5.466346	-9.0135	2.093164	-0.0000
5.486495	-8.1319	2.087690	-0.0000	5.487251	-9.7582	2.093164	-0.0000
5.507420	-8.7512	2.087690	-0.0000	5.508169	-10.5014	2.093164	-0.0000
5.528359	-9.3691	2.087690	-0.0000	5.529104	-11.2429	2.093164	-0.0000
5.548913	-9.9855	2.087690	-0.0000	5.549964	-11.9826	2.093164	-0.0000
5.569817	-10.6004	2.087690	-0.0000	5.570787	-12.7204	2.093164	-0.0000
5.590763	-11.2135	2.087690	-0.0000	5.591678	-13.4562	2.093164	-0.0000
5.611673	-11.8249	2.087690	-0.0000	5.612592	-14.1899	2.093164	-0.0000
5.632578	-12.4345	2.087690	-0.0000	5.633330	-14.9214	2.093164	-0.0000
5.653374	-13.0421	2.087690	-0.0000	5.654367	-15.6505	2.093164	-0.0000
5.674455	-13.6476	2.087690	-0.0000	5.675401	-16.3771	2.093164	-0.0000
5.695533	-14.2510	2.087690	-0.0000	5.696314	-17.1012	2.093164	-0.0000
5.716256	-14.8521	2.087690	-0.0000	5.717183	-17.8225	2.093164	-0.0000
5.736764	-15.4508	2.087690	-0.0000	5.738232	-18.5410	2.093164	-0.0000
5.757627	-16.0472	2.087690	-0.0000	5.759113	-19.2566	2.093164	-0.0000
5.778626	-16.6410	2.087690	-0.0000	5.780272	-19.9692	2.093164	-0.0000
5.799502	-17.2321	2.087690	-0.0000	5.801242	-20.6786	2.093164	-0.0000
5.820414	-17.8206	2.087690	-0.0000	5.822318	-21.3847	2.093164	-0.0000
5.841247	-18.4062	2.087690	-0.0000	5.843097	-22.0875	2.093164	-0.0000
5.862399	-18.9890	2.087690	-0.0000	5.863974	-22.7867	2.093164	-0.0000
5.883541	-19.5687	2.087690	-0.0000	5.884848	-23.4824	2.093164	-0.0000
5.904431	-20.1453	2.087690	-0.0000	5.905778	-24.1744	2.093164	-0.0000
5.925324	-20.7188	2.087690	-0.0000	5.926673	-24.8625	2.093164	-0.0000
5.946260	-21.2890	2.087690	-0.0000	5.947384	-25.5468	2.093164	-0.0000
5.967177	-21.8558	2.087690	-0.0000	5.968268	-26.2269	2.093164	-0.0000
5.987898	-22.4192	2.087690	-0.0000	5.988971	-26.9030	2.093164	-0.0000
6.008739	-22.9790	2.087690	-0.0000	6.010031	-27.5748	2.093164	-0.0000
6.029685	-23.5352	2.087690	-0.0000	6.031027	-28.2422	2.093164	-0.0000
6.050592	-24.0877	2.087690	-0.0000	6.052021	-28.9052	2.093164	-0.0000
6.071521	-24.6364	2.087690	-0.0000	6.073037	-29.5636	2.093164	-0.0000
6.092607	-25.1812	2.087690	-0.0000	6.093858	-30.2174	2.093164	-0.0000
6.113550	-25.7220	2.087690	-0.0000	6.115058	-30.8664	2.093164	-0.0000
6.134787	-26.2587	2.087690	-0.0000	6.136103	-31.5105	2.093164	-0.0000
6.155528	-26.7913	2.087690	-0.0000	6.157136	-32.1496	2.093164	-0.0000
6.176416	-27.3197	2.087690	-0.0000	6.178172	-32.7837	2.093164	-0.0000
6.197480	-27.8438	2.087690	-0.0000	6.199122	-33.4125	2.093164	-0.0000
6.218431	-28.3634	2.087690	-0.0000	6.220325	-34.0361	2.093164	-0.0000
6.239233	-28.8786	2.087690	-0.0000	6.241324	-34.6544	2.093164	-0.0000
6.259993	-29.3893	2.087690	-0.0000	6.262426	-35.2671	2.093164	-0.0000
6.280827	-29.8952	2.087690	-0.0000	6.283461	-35.8743	2.093164	-0.0000
6.301785	-30.3965	2.087690	-0.0000	6.304341	-36.4758	2.093164	-0.0000
6.322726	-30.8930	2.087690	-0.0000	6.325480	-37.0716	2.093164	-0.0000
6.343710	-31.3846	2.087690	-0.0000	6.346362	-37.6615	2.093164	-0.0000
6.364596	-31.8712	2.087690	-0.0000	6.367223	-38.2454	2.093164	-0.0000
6.385613	-32.3528	2.087690	-0.0000	6.388298	-38.8234	2.093164	-0.0000
6.406537	-32.8293	2.087690	-0.0000	6.409185	-39.3951	2.093164	-0.0000
6.427462	-33.3006	2.087690	-0.0000	6.430109	-39.9607	2.093164	-0.0000
6.448357	-33.7666	2.087690	-0.0000	6.451361	-40.5200	2.093164	-0.0000
6.469382	-34.2274	2.087690	-0.0000	6.472230	-41.0728	2.093164	-0.0000
6.490322	-34.6827	2.087690	-0.0000	6.493015	-41.6192	2.093164	-0.0000
6.511428	-35.1325	2.087690	-0.0000	6.513884	-42.1590	2.093164	-0.0000
6.532392	-35.5768	2.087690	-0.0000	6.534741	-42.6921	2.093164	-0.0000
6.553337	-36.0155	2.087690	-0.0000	6.555691	-43.2185	2.093164	-0.0000
6.574271	-36.4484	2.087690	-0.0000	6.576585	-43.7381	2.093164	-0.0000
6.595375	-36.8757	2.087690	-0.0000	6.597484	-44.2508	2.093164	-0.0000
6.616317	-37.2971	2.087690	-0.0000	6.618418	-44.7565	2.093164	-0.0000
6.637445	-37.7126	2.087690	-0.0000	6.639308	-45.2551	2.093164	-0.0000
6.658370	-38.1221	2.087690	-0.0000	6.660112	-45.7466	2.093164	-0.0000
6.679272	-38.5257	2.087690	-0.0000	6.680891	-46.2308	2.093164	-0.0000
6.700155	-38.9231	2.087690	-0.0000	6.701747	-46.7077	2.093164	-0.0000
6.720982	-39.3144	2.087690	-0.0000	6.722673	-47.1773	2.093164	-0.0000
6.741852	-39.6995	2.087690	-0.0000	6.743573	-47.6394	2.093164	-0.0000
6.762904	-40.0783	2.087690	-0.0000	6.764455	-48.0940	2.093164	-0.0000
6.783981	-40.4508	2.087690	-0.0000	6.785206	-48.5410	2.093164	-0.0000
6.805087	-40.8170	2.087690	-0.0000	6.805902	-48.9804	2.093164	-0.0000
6.825928	-41.1766	2.087690	-0.0000	6.827115	-49.4120	2.093164	-0.0000
6.847029	-41.5298	2.087690	-0.0000	6.847777	-49.8358	2.093164	-0.0000
6.867856	-41.8764	2.087690	-0.0000	6.868708	-50.2517	2.093164	-0.0000
6.888595	-42.2164	2.087690	-0.0000	6.889580	-50.6597	2.093164	-0.0000
6.909625	-42.5497	2.087690	-0.0000	6.910420	-51.0597	2.093164	-0.0000
6.930437	-42.8763	2.087690	-0.0000	6.931379	-51.4516	2.093164	-0.0000
6.951429	-43.1962	2.087690	-0.0000	6.952124	-51.8354	2.093164	-0.0000
6.972327	-43.5092	2.087690	-0.0000	6.972834	-52.2110	2.093164	-0.0000
6.993014	-43.8153	2.087690	-0.0000	6.993853	-52.5784	2.093164	-0.0000
7.013857	-44.1146	2.087690	-0.0000	7.014621	-52.9375	2.093164	-0.0000
7.034832	-44.4068	2.087690	-0.0000	7.035547	-53.2882	2.093164	-0.0000
7.055813	-44.6921	2.087690	-0.0000	7.056262	-53.6305	2.093164	-0.0000
7.076571	-44.9703	2.087690	-0.0000	7.077033	-53.9643	2.093164	-0.0000
7.097487	-45.2414	2.087690	-0.0000	7.097758	-54.2896	2.093164	-0.0000
7.118461	-45.5053	2.087690	-0.0000	7.118479	-54.6064	2.093164	-0.0000
7.139392	-45.7621	2.087690	-0.0000	7.139512	-54.9145	2.093164	-0.0000
7.160412	-46.0116	2.087690	-0.0000	7.160422	-55.2139	2.093164	-0.0000
7.181290	-46.2539	2.087690	-0.0000	7.181457	-55.5046	2.093164	-0.0000
7.202194	-46.4888	2.087690	-0.0000	7.202795	-55.7866	2.093164	-0.0000
7.223106	-46.7164	2.087690	-0.0000	7.223767	-56.0597	2.093164	-0.0000
7.244080	-46.9367	2.087690	-0.0000	7.244747	-56.3240	2.093164	-0.0000
7.264929	-47.1495	2.087690	-0.0000	7.265692	-56.5794	2.093164	-0.0000
7.285871	-47.3549	2.087690	-0.0000	7.286688	-56.8259	2.093164	-0.0000
7.306784	-47.5528	2.087690	-0.0000	7.307972	-57.0634	2.093164	-0.0000
7.327621	-47.7432	2.087690	-0.0000	7.328804	-57.2919	2.093164	-0.0000
7.348522	-47.9261	2.087690	-0.0000	7.349649	-57.5113	2.093164	-0.0000
7.369501	-48.1014	2.087690	-0.0000	7.370707	-57.7217	2.093164	-0.0000
7.390394	-48.2691	2.087690	-0.0000	7.391592	-57.9229	2.093164	-0.0000
7.411207	-48.4292	2.087690	-0.0000	7.412482	-58.1150	2.093164	-0.0000
7.432079	-48.5816	2.087690	-0.0000	7.433372	-58.2979	2.093164	-0.0000
7.452910	-48.7263	2.087690	-0.0000	7.454345	-58.4716	2.093164	-0.0000
7.473840	-48.8634	2.087690	-0.0000	7.475329	-58.6361	2.093164	-0.0000
7.494563	-48.9928	2.087690	-0.0000	7.496142	-58.7913	2.093164	-0.0000
7.515460	-49.1144	2.087690	-0.0000	7.516854	-58.9372	2.093164	-0.0000
7.536372	-49.2282	2.087690	-0.0000	7.537860	-59.0739	2.093164	-0.0000
7.557302	-49.3343	2.087690	-0.0000	7.558765	-59.2012	2.093164	-0.0000
7.577974	-49.4326	2.087690	-0.0000	7.579759	-59.3191	2.093164	-0.0000
7.598737	-49.5231	2.087690	-0.0000	7.600622	-59.4277	2.093164	-0.0000
7.619742	-49.6057	2.087690	-0.0000	7.621527	-59.5269	2.093164	-0.0000
7.640624	-49.6806	2.087690	-0.0000	7.642440	-59.6167	2.093164	-0.0000
7.661663	-49.7476	2.087690	-0.0000	7.663305	-59.6971	2.093164	-0.0000
7.682564	-49.8067	2.087690	-0.0000	7.684018	-59.7680	2.093164	-0.0000
7.703786	-49.8579	2.087690	-0.0000	7.704897	-59.8295	2.093164	-0.0000
7.724710	-49.9013	2.087690	-0.0000	7.725571	-59.8816	2.093164	-0.0000
7.745795	-49.9368	2.087690	-0.0000	7.746631	-59.9242	2.093164	-0.0000
7.766694	-49.9645	2.087690	-0.0000	7.767903	-59.9574	2.093164	-0.0000
7.787427	-49.9842	2.087690	-0.0000	7.788870	-59.9811	2.093164	-0.0000
7.808376	-49.9961	2.087690	-0.0000	7.809743	-59.9953	2.093164	-0.0000
7.829247	-50.0000	2.087690	-0.0000	7.830809	-60.0000	2.093164	-0.0000
7.850211	-49.9961	2.087690	-0.0000	7.851515	-59.9953	2.093164	-0.0000
7.871125	-49.9842	2.087690	-0.0000	7.872399	-59.9811	2.093164	-0.0000
7.891956	-49.9645	2.087690	-0.0000	7.893242	-59.9574	2.093164	-0.0000
7.913021	-49.9368	2.087690	-0.0000	7.914213	-59.9242	2.093164	-0.0000
7.933828	-49.9013	2.087690	-0.0000	7.935141	-59.8816	2.093164	-0.0000
7.954730	-49.8579	2.087690	-0.0000	7.956024	-59.8295	2.093164	-0.0000
7.975486	-49.8067	2.087690	-0.0000	7.976914	-59.7680	2.093164	-0.0000
7.996348	-49.7476	2.087690	-0.0000	7.997577	-59.6971	2.093164	-0.0000
8.017259	-49.6806	2.087690	-0.0000	8.018644	-59.6167	2.093164	-0.0000
8.037955	-49.6057	2.087690	-0.0000	8.039511	-59.5269	2.093164	-0.0000
8.058831	-49.5231	2.087690	-0.0000	8.060391	-59.4277	2.093164	-0.0000
8.079886	-49.4326	2.087690	-0.0000	8.081438	-59.3191	2.093164	-0.0000
8.100785	-49.3343	2.087690	-0.0000	8.102295	-59.2012	2.093164	-0.0000
8.121687	-49.2282	2.087690	-0.0000	8.123149	-59.0739	2.093164	-0.0000
8.142572	-49.1144	2.087690	-0.0000	8.143964	-58.9372	2.093164	-0.0000
8.163485	-48.9928	2.087690	-0.0000	8.164715	-58.7913	2.093164	-0.0000
8.184353	-48.8634	2.087690	-0.0000	8.185576	-58.6361	2.093164	-0.0000
8.205435	-48.7263	2.087690	-0.0000	8.206474	-58.4716	2.093164	-0.0000
8.226064	-48.5816	2.087690	-0.0000	8.227376	-58.2979	2.093164	-0.0000
8.246915	-48.4292	2.087690	-0.0000	8.248279	-58.1150	2.093164	-0.0000
8.267947	-48.2691	2.087690	-0.0000	8.269194	-57.9229	2.093164	-0.0000
8.288823	-48.1014	2.087690	-0.0000	8.289875	-57.7217	2.093164	-0.0000
8.309655	-47.9261	2.087690	-0.0000	8.310664	-57.5113	2.093164	-0.0000
8.330492	-47.7432	2.087690	-0.0000	8.331865	-57.2919	2.093164	-0.0000
8.351382	-47.5528	2.087690	-0.0000	8.352941	-57.0634	2.093164	-0.0000
8.372229	-47.3549	2.087690	-0.0000	8.373742	-56.8259	2.093164	-0.0000
8.393059	-47.1495	2.087690	-0.0000	8.394840	-56.5794	2.093164	-0.0000
8.413888	-46.9367	2.087690	-0.0000	8.415733	-56.3240	2.093164	-0.0000
8.434755	-46.7164	2.087690	-0.0000	8.436673	-56.0597	2.093164	-0.0000
8.455582	-46.4888	2.087690	-0.0000	8.457599	-55.7866	2.093164	-0.0000
8.476361	-46.2539	2.087690	-0.0000	8.478627	-55.5046	2.093164	-0.0000
8.497213	-46.0116	2.087690	-0.0000	8.499444	-55.2139	2.093164	-0.0000
8.518301	-45.7621	2.087690	-0.0000	8.520359	-54.9145	2.093164	-0.0000
8.538981	-45.5053	2.087690	-0.0000	8.541270	-54.6064	2.093164	-0.0000
8.559866	-45.2414	2.087690	-0.0000	8.562552	-54.2896	2.093164	-0.0000
8.580665	-44.9703	2.087690	-0.0000	8.583314	-53.9643	2.093164	-0.0000
8.601728	-44.6921	2.087690	-0.0000	8.604255	-53.6305	2.093164	-0.0000
8.622479	-44.4068	2.087690	-0.0000	8.625178	-53.2882	2.093164	-0.0000
8.643336	-44.1146	2.087690	-0.0000	8.645816	-52.9375	2.093164	-0.0000
8.664179	-43.8153	2.087690	-0.0000	8.666651	-52.5784	2.093164	-0.0000
8.685244	-43.5092	2.087690	-0.0000	8.687572	-52.2110	2.093164	-0.0000
8.706244	-43.1962	2.087690	-0.0000	8.708673	-51.8354	2.093164	-0.0000
8.727200	-42.8763	2.087690	-0.0000	8.729598	-51.4516	2.093164	-0.0000
8.747964	-42.5497	2.087690	-0.0000	8.750301	-51.0597	2.093164	-0.0000
8.768811	-42.2164	2.087690	-0.0000	8.771332	-50.6597	2.093164	-0.0000
8.789837	-41.8764	2.087690	-0.0000	8.792287	-50.2517	2.093164	-0.0000
8.810723	-41.5298	2.087690	-0.0000	8.813317	-49.8358	2.093164	-0.0000
8.831524	-41.1766	2.087690	-0.0000	8.834137	-49.4120	2.093164	-0.0000
8.852412	-40.8170	2.087690	-0.0000	8.855149	-48.9804	2.093164	-0.0000
8.873381	-40.4508	2.087690	-0.0000	8.876150	-48.5410	2.093164	-0.0000
8.894385	-40.0783	2.087690	-0.0000	8.897087	-48.0940	2.093164	-0.0000
8.915781	-39.6995	2.087690	-0.0000	8.918030	-47.6394	2.093164	-0.0000
8.936726	-39.3144	2.087690	-0.0000	8.939034	-47.1773	2.093164	-0.0000
8.957647	-38.9231	2.087690	-0.0000	8.959584	-46.7077	2.093164	-0.0000
8.978455	-38.5257	2.087690	-0.0000	8.980319	-46.2308	2.093164	-0.0000
8.999183	-38.1221	2.087690	-0.0000	9.001330	-45.7466	2.093164	-0.0000
9.019996	-37.7126	2.087690	-0.0000	9.022370	-45.2551	2.093164	-0.0000
9.040914	-37.2971	2.087690	-0.0000	9.043233	-44.7565	2.093164	-0.0000
9.061916	-36.8757	2.087690	-0.0000	9.064220	-44.2508	2.093164	-0.0000
9.082883	-36.4484	2.087690	-0.0000	9.085224	-43.7381	2.093164	-0.0000
9.103831	-36.0155	2.087690	-0.0000	9.106215	-43.2185	2.093164	-0.0000
9.124872	-35.5768	2.087690	-0.0000	9.126762	-42.6921	2.093164	-0.0000
9.146034	-35.1325	2.087690	-0.0000	9.147687	-42.1590	2.093164	-0.0000
9.167180	-34.6827	2.087690	-0.0000	9.168699	-41.6192	2.093164	-0.0000
9.188027	-34.2274	2.087690	-0.0000	9.189511	-41.0728	2.093164	-0.0000
9.208884	-33.7666	2.087690	-0.0000	9.210532	-40.5200	2.093164	-0.0000
9.229787	-33.3006	2.087690	-0.0000	9.231550	-39.9607	2.093164	-0.0000
9.250656	-32.8293	2.087690	-0.0000	9.252559	-39.3951	2.093164	-0.0000
9.271363	-32.3528	2.087690	-0.0000	9.273543	-38.8234	2.093164	-0.0000
9.292247	-31.8712	2.087690	-0.0000	9.294564	-38.2454	2.093164	-0.0000
9.313153	-31.3846	2.087690	-0.0000	9.315561	-37.6615	2.093164	-0.0000
9.334141	-30.8930	2.087690	-0.0000	9.336572	-37.0716	2.093164	-0.0000
9.354872	-30.3965	2.087690	-0.0000	9.357110	-36.4758	2.093164	-0.0000
9.375677	-29.8952	2.087690	-0.0000	9.378021	-35.8743	2.093164	-0.0000
9.396619	-29.3893	2.087690	-0.0000	9.398957	-35.2671	2.093164	-0.0000
9.417568	-28.8786	2.087690	-0.0000	9.420183	-34.6544	2.093164	-0.0000
9.438393	-28.3634	2.087690	-0.0000	9.440743	-34.0361	2.093164	-0.0000
9.459319	-27.8438	2.087690	-0.0000	9.461721	-33.4125	2.093164	-0.0000
9.480257	-27.3197	2.087690	-0.0000	9.483033	-32.7837	2.093164	-0.0000
9.501293	-26.7913	2.087690	-0.0000	9.504285	-32.1496	2.093164	-0.0000
9.522169	-26.2587	2.087690	-0.0000	9.525733	-31.5105	2.093164	-0.0000
9.542875	-25.7220	2.087690	-0.0000	9.546829	-30.8664	2.093164	-0.0000
9.563749	-25.1812	2.087690	-0.0000	9.567711	-30.2174	2.093164	-0.0000
9.584898	-24.6364	2.087690	-0.0000	9.589044	-29.5636	2.093164	-0.0000
9.605799	-24.0877	2.087690	-0.0000	9.609683	-28.9052	2.093164	-0.0000
9.626513	-23.5352	2.087690	-0.0000	9.630860	-28.2422	2.093164	-0.0000
9.647509	-22.9790	2.087690	-0.0000	9.651808	-27.5748	2.093164	-0.0000
9.668726	-22.4192	2.087690	-0.0000	9.672817	-26.9030	2.093164	-0.0000
9.689589	-21.8558	2.087690	-0.0000	9.693618	-26.2269	2.093164	-0.0000
9.710482	-21.2890	2.087690	-0.0000	9.714594	-25.5468	2.093164	-0.0000
9.731190	-20.7188	2.087690	-0.0000	9.735585	-24.8625	2.093164	-0.0000
9.751916	-20.1453	2.087690	-0.0000	9.756141	-24.1744	2.093164	-0.0000
9.772960	-19.5687	2.087690	-0.0000	9.776845	-23.4824	2.093164	-0.0000
9.794015	-18.9890	2.087690	-0.0000	9.797675	-22.7867	2.093164	-0.0000
9.814833	-18.4062	2.087690	-0.0000	9.818818	-22.0875	2.093164	-0.0000
9.835811	-17.8206	2.087690	-0.0000	9.839778	-21.3847	2.093164	-0.0000
9.856752	-17.2321	2.087690	-0.0000	9.860717	-20.6786	2.093164	-0.0000
9.877832	-16.6410	2.087690	-0.0000	9.881293	-19.9692	2.093164	-0.0000
9.898703	-16.0472	2.087690	-0.0000	9.902245	-19.2566	2.093164	-0.0000
9.919735	-15.4508	2.087690	-0.0000	9.922998	-18.5410	2.093164	-0.0000
9.940597	-14.8521	2.087690	-0.0000	9.943886	-17.8225	2.093164	-0.0000
9.961510	-14.2510	2.087690	-0.0000	9.964825	-17.1012	2.093164	-0.0000
9.982332	-13.6476	2.087690	-0.0000	9.985782	-16.3771	2.093164	-0.0000
10.003219	-13.0421	2.087690	-0.0000	10.006772	-15.6505	2.093164	-0.0000
10.024078	-12.4345	2.087690	-0.0000	10.027912	-14.9214	2.093164	-0.0000
10.044959	-11.8249	2.087690	-0.0000	10.048850	-14.1899	2.093164	-0.0000
10.065680	-11.2135	2.087690	-0.0000	10.069831	-13.4562	2.093164	-0.0000
10.086522	-10.6004	2.087690	-0.0000	10.090743	-12.7204	2.093164	-0.0000
10.107404	-9.9855	2.087690	-0.0000	10.111331	-11.9826	2.093164	-0.0000
10.128313	-9.3691	2.087690	-0.0000	10.132284	-11.2429	2.093164	-0.0000
10.149018	-8.7512	2.087690	-0.0000	10.153209	-10.5014	2.093164	-0.0000
10.170197	-8.1319	2.087690	-0.0000	10.173739	-9.7582	2.093164	-0.0000
10.191127	-7.5113	2.087690	-0.0000	10.197436	-9.0135	2.093164	-0.0000
10.212076	-6.8895	2.087690	-0.0000	10.218328	-8.2674	2.093164	-0.0000
10.233022	-6.2667	2.087690	-0.0000	10.238819	-7.5200	2.093164	-0.0000
10.254023	-5.6428	2.087690	-0.0000	10.259644	-6.7714	2.093164	-0.0000
10.274943	-5.0181	2.087690	-0.0000	10.280159	-6.0217	2.093164	-0.0000
10.295908	-4.3926	2.087690	-0.0000	10.300598	-5.2711	2.093164	-0.0000
10.317083	-3.7663	2.087690	-0.0000	10.321451	-4.5196	2.093164	-0.0000
10.337913	-3.1395	2.087690	-0.0000	10.342210	-3.7674	2.093164	-0.0000
10.358956	-2.5122	2.087690	-0.0000	10.363098	-3.0147	2.093164	-0.0000
10.380148	-1.8845	2.087690	-0.0000	10.384010	-2.2614	2.093164	-0.0000
10.401187	-1.2565	2.087690	-0.0000	10.404914	-1.5078	2.093164	-0.0000
10.422098	-0.6283	2.087690	-0.0000	10.425878	-0.7540	2.093164	-0.0000
10.442938	-0.0000	2.087690	-0.0000	10.446744	-0.0000	2.093164	-0.0000
