% Trayectoria senoidal - Base (shoulder pan)
% q(t) = 0.0 + A*sin(2*pi*f*t)
% Columnas: t1 q1 t2 q2 t3 q3 t4 q4
%
0.000841	0.0000	0.000775	0.0000	0.000744	0.0000	0.000814	0.0000
0.021708	0.6279	0.021707	0.2513	0.021641	1.2558	0.021799	0.5026
0.042605	1.2533	0.042608	0.5024	0.042516	2.5067	0.042745	1.0049
0.064109	1.8738	0.063732	0.7533	0.063351	3.7476	0.063678	1.5065
0.085153	2.4869	0.084628	1.0036	0.084233	4.9738	0.084570	2.0072
0.106354	3.0902	0.105762	1.2533	0.105102	6.1803	0.105444	2.5067
0.127341	3.6812	0.126685	1.5023	0.126083	7.3625	0.126567	3.0045
0.148353	4.2578	0.147574	1.7502	0.146981	8.5156	0.147469	3.5005
0.169362	4.8175	0.168712	1.9971	0.167936	9.6351	0.168561	3.9942
0.190328	5.3583	0.190057	2.2427	0.188845	10.7165	0.189423	4.4854
0.211266	5.8779	0.211007	2.4869	0.209734	11.7557	0.210337	4.9738
0.232208	6.3742	0.232003	2.7295	0.230637	12.7485	0.231313	5.4590
0.253134	6.8455	0.253134	2.9704	0.251554	13.6909	0.252269	5.9408
0.274101	7.2897	0.274064	3.2094	0.272409	14.5794	0.273210	6.4189
0.295017	7.7051	0.295442	3.4464	0.293268	15.4103	0.294110	6.8929
0.315866	8.0902	0.316322	3.6812	0.314286	16.1803	0.315081	7.3625
0.336685	8.4433	0.337262	3.9137	0.335180	16.8866	0.335900	7.8275
0.357593	8.7631	0.358385	4.1438	0.356088	17.5261	0.356809	8.2875
0.378508	9.0483	0.379276	4.3712	0.376994	18.0965	0.377681	8.7423
0.399426	9.2978	0.400184	4.5958	0.397840	18.5955	0.398501	9.1916
0.420653	9.5106	0.421109	4.8175	0.418702	19.0211	0.419747	9.6351
0.441590	9.6858	0.442067	5.0362	0.439751	19.3717	0.440668	10.0725
0.462572	9.8229	0.463017	5.2517	0.460614	19.6457	0.461548	10.5035
0.483534	9.9211	0.483916	5.4639	0.481705	19.8423	0.482461	10.9279
0.504438	9.9803	0.504851	5.6727	0.502950	19.9605	0.503405	11.3454
0.525433	10.0000	0.525812	5.8779	0.523819	20.0000	0.524325	11.7557
0.546403	9.9803	0.546795	6.0793	0.544894	19.9605	0.545251	12.1586
0.567318	9.9211	0.567760	6.2769	0.565743	19.8423	0.566200	12.5538
0.588119	9.8229	0.588604	6.4706	0.586689	19.6457	0.587108	12.9411
0.609169	9.6858	0.609714	6.6601	0.607587	19.3717	0.608081	13.3202
0.630024	9.5106	0.630631	6.8455	0.628493	19.0211	0.628989	13.6909
0.650926	9.2978	0.651536	7.0265	0.649528	18.5955	0.650334	14.0530
0.671857	9.0483	0.672498	7.2031	0.670565	18.0965	0.671292	14.4062
0.692937	8.7631	0.693698	7.3751	0.691516	17.5261	0.692297	14.7503
0.713820	8.4433	0.714643	7.5425	0.712512	16.8866	0.713273	15.0850
0.734696	8.0902	0.735659	7.7051	0.733355	16.1803	0.734266	15.4103
0.755847	7.7051	0.756566	7.8629	0.754277	15.4103	0.755299	15.7258
0.776755	7.2897	0.777573	8.0157	0.775165	14.5794	0.776236	16.0313
0.797612	6.8455	0.798626	8.1634	0.796032	13.6909	0.797174	16.3268
0.818663	6.3742	0.819540	8.3060	0.816918	12.7485	0.818060	16.6119
0.839516	5.8779	0.840332	8.4433	0.837847	11.7557	0.839012	16.8866
0.860483	5.3583	0.861759	8.5753	0.858771	10.7165	0.859951	17.1505
0.881379	4.8175	0.882652	8.7018	0.879728	9.6351	0.880899	17.4037
0.902215	4.2578	0.903602	8.8229	0.900603	8.5156	0.901836	17.6458
0.923283	3.6812	0.924548	8.9384	0.921571	7.3625	0.923176	17.8768
0.944102	3.0902	0.945409	9.0483	0.942498	6.1803	0.944080	18.0965
0.965358	2.4869	0.966300	9.1524	0.963372	4.9738	0.964965	18.3048
0.986129	1.8738	0.987169	9.2508	0.984294	3.7476	0.985851	18.5015
1.007333	1.2533	1.008133	9.3433	1.005210	2.5067	1.007054	18.6866
1.028385	0.6279	1.029010	9.4299	1.026123	1.2558	1.028154	18.8598
1.049507	0.0000	1.049915	9.5106	1.046917	0.0000	1.048961	19.0211
1.070430	-0.6279	1.071004	9.5852	1.068084	-1.2558	1.069885	19.1704
1.091805	-1.2533	1.092092	9.6538	1.089061	-2.5067	1.091110	19.3076
1.112792	-1.8738	1.112981	9.7163	1.109977	-3.7476	1.111993	19.4326
1.133698	-2.4869	1.133888	9.7727	1.131051	-4.9738	1.133169	19.5454
1.154585	-3.0902	1.154784	9.8229	1.151849	-6.1803	1.154292	19.6457
1.175680	-3.6812	1.175845	9.8669	1.172791	-7.3625	1.175159	19.7337
1.196678	-4.2578	1.196773	9.9046	1.193726	-8.5156	1.196034	19.8092
1.217587	-4.8175	1.218006	9.9361	1.214673	-9.6351	1.216903	19.8722
1.238395	-5.3583	1.238869	9.9613	1.235597	-10.7165	1.237808	19.9227
1.259308	-5.8779	1.259787	9.9803	1.256495	-11.7557	1.258733	19.9605
1.280123	-6.3742	1.280993	9.9929	1.277532	-12.7485	1.279656	19.9858
1.301188	-6.8455	1.301928	9.9992	1.298358	-13.6909	1.300441	19.9984
1.322184	-7.2897	1.322882	9.9992	1.319266	-14.5794	1.321352	19.9984
1.343208	-7.7051	1.343989	9.9929	1.340195	-15.4103	1.342228	19.9858
1.364016	-8.0902	1.364943	9.9803	1.361124	-16.1803	1.363102	19.9605
1.384917	-8.4433	1.385864	9.9613	1.382074	-16.8866	1.384338	19.9227
1.406025	-8.7631	1.406964	9.9361	1.403030	-17.5261	1.405354	19.8722
1.426993	-9.0483	1.428055	9.9046	1.423952	-18.0965	1.426412	19.8092
1.447870	-9.2978	1.449041	9.8669	1.444872	-18.5955	1.447304	19.7337
1.468778	-9.5106	1.469972	9.8229	1.465862	-19.0211	1.468234	19.6457
1.489710	-9.6858	1.491207	9.7727	1.486850	-19.3717	1.489232	19.5454
1.510601	-9.8229	1.512301	9.7163	1.507772	-19.6457	1.510168	19.4326
1.531484	-9.9211	1.533285	9.6538	1.528896	-19.8423	1.531126	19.3076
1.552434	-9.9803	1.554253	9.5852	1.549844	-19.9605	1.551935	19.1704
1.573675	-10.0000	1.575515	9.5106	1.571246	-20.0000	1.573068	19.0211
1.594552	-9.9803	1.596384	9.4299	1.592153	-19.9605	1.593974	18.8598
1.615455	-9.9211	1.617296	9.3433	1.613040	-19.8423	1.614905	18.6866
1.636568	-9.8229	1.638156	9.2508	1.634290	-19.6457	1.636083	18.5015
1.657506	-9.6858	1.659224	9.1524	1.655184	-19.3717	1.656970	18.3048
1.678387	-9.5106	1.680122	9.0483	1.676050	-19.0211	1.677793	18.0965
1.699271	-9.2978	1.700976	8.9384	1.696839	-18.5955	1.698680	17.8768
1.720091	-9.0483	1.721915	8.8229	1.717763	-18.0965	1.719560	17.6458
1.740882	-8.7631	1.742881	8.7018	1.738673	-17.5261	1.740377	17.4037
1.761848	-8.4433	1.764006	8.5753	1.759574	-16.8866	1.761221	17.1505
1.782723	-8.0902	1.784886	8.4433	1.780407	-16.1803	1.782295	16.8866
1.803661	-7.7051	1.806112	8.3060	1.801207	-15.4103	1.803213	16.6119
1.824585	-7.2897	1.827037	8.1634	1.822362	-14.5794	1.824441	16.3268
1.845712	-6.8455	1.847956	8.0157	1.843188	-13.6909	1.845342	16.0313
1.866602	-6.3742	1.868838	7.8629	1.864072	-12.7485	1.866232	15.7258
1.887551	-5.8779	1.889680	7.7051	1.884966	-11.7557	1.887152	15.4103
1.908488	-5.3583	1.910712	7.5425	1.905857	-10.7165	1.908510	15.0850
1.929506	-4.8175	1.931749	7.3751	1.926739	-9.6351	1.929358	14.7503
1.950617	-4.2578	1.952763	7.2031	1.947550	-8.5156	1.950407	14.4062
1.971493	-3.6812	1.973755	7.0265	1.968726	-7.3625	1.971354	14.0530
1.992565	-3.0902	1.994886	6.8455	1.989642	-6.1803	1.992276	13.6909
2.013484	-2.4869	2.015788	6.6601	2.010552	-4.9738	2.013173	13.3202
2.034376	-1.8738	2.036869	6.4706	2.031496	-3.7476	2.034010	12.9411
2.055299	-1.2533	2.057817	6.2769	2.055841	-2.5067	2.054934	12.5538
2.076534	-0.6279	2.078768	6.0793	2.076758	-1.2558	2.075868	12.1586
2.097549	-0.0000	2.099667	5.8779	2.097612	-0.0000	2.096780	11.7557
2.097549	-0.0000	2.120595	5.6727	2.097612	-0.0000	2.117689	11.3454
2.097549	-0.0000	2.141413	5.4639	2.097612	-0.0000	2.138685	10.9279
2.097549	-0.0000	2.162373	5.2517	2.097612	-0.0000	2.159509	10.5035
2.097549	-0.0000	2.183224	5.0362	2.097612	-0.0000	2.180340	10.0725
2.097549	-0.0000	2.204165	4.8175	2.097612	-0.0000	2.201349	9.6351
2.097549	-0.0000	2.225107	4.5958	2.097612	-0.0000	2.222304	9.1916
2.097549	-0.0000	2.246014	4.3712	2.097612	-0.0000	2.243368	8.7423
2.097549	-0.0000	2.266875	4.1438	2.097612	-0.0000	2.264315	8.2875
2.097549	-0.0000	2.287702	3.9137	2.097612	-0.0000	2.285247	7.8275
2.097549	-0.0000	2.308583	3.6812	2.097612	-0.0000	2.306149	7.3625
2.097549	-0.0000	2.329404	3.4464	2.097612	-0.0000	2.327028	6.8929
2.097549	-0.0000	2.350235	3.2094	2.097612	-0.0000	2.347928	6.4189
2.097549	-0.0000	2.371250	2.9704	2.097612	-0.0000	2.369014	5.9408
2.097549	-0.0000	2.392074	2.7295	2.097612	-0.0000	2.389573	5.4590
2.097549	-0.0000	2.412966	2.4869	2.097612	-0.0000	2.410417	4.9738
2.097549	-0.0000	2.433852	2.2427	2.097612	-0.0000	2.431525	4.4854
2.097549	-0.0000	2.455170	1.9971	2.097612	-0.0000	2.452628	3.9942
2.097549	-0.0000	2.476118	1.7502	2.097612	-0.0000	2.473536	3.5005
2.097549	-0.0000	2.497245	1.5023	2.097612	-0.0000	2.494388	3.0045
2.097549	-0.0000	2.518098	1.2533	2.097612	-0.0000	2.515653	2.5067
2.097549	-0.0000	2.538933	1.0036	2.097612	-0.0000	2.536560	2.0072
2.097549	-0.0000	2.559829	0.7533	2.097612	-0.0000	2.557458	1.5065
2.097549	-0.0000	2.580743	0.5024	2.097612	-0.0000	2.578334	1.0049
2.097549	-0.0000	2.601676	0.2513	2.097612	-0.0000	2.599143	0.5026
2.097549	-0.0000	2.622605	0.0000	2.097612	-0.0000	2.620229	0.0000
2.097549	-0.0000	2.643437	-0.2513	2.097612	-0.0000	2.641127	-0.5026
2.097549	-0.0000	2.664262	-0.5024	2.097612	-0.0000	2.662019	-1.0049
2.097549	-0.0000	2.685475	-0.7533	2.097612	-0.0000	2.682958	-1.5065
2.097549	-0.0000	2.706396	-1.0036	2.097612	-0.0000	2.703920	-2.0072
2.097549	-0.0000	2.727280	-1.2533	2.097612	-0.0000	2.724808	-2.5067
2.097549	-0.0000	2.748319	-1.5023	2.097612	-0.0000	2.745721	-3.0045
2.097549	-0.0000	2.769210	-1.7502	2.097612	-0.0000	2.766648	-3.5005
2.097549	-0.0000	2.790056	-1.9971	2.097612	-0.0000	2.787808	-3.9942
2.097549	-0.0000	2.811105	-2.2427	2.097612	-0.0000	2.808724	-4.4854
2.097549	-0.0000	2.832114	-2.4869	2.097612	-0.0000	2.829578	-4.9738
2.097549	-0.0000	2.853011	-2.7295	2.097612	-0.0000	2.850379	-5.4590
2.097549	-0.0000	2.873963	-2.9704	2.097612	-0.0000	2.871321	-5.9408
2.097549	-0.0000	2.894994	-3.2094	2.097612	-0.0000	2.892220	-6.4189
2.097549	-0.0000	2.915902	-3.4464	2.097612	-0.0000	2.913114	-6.8929
2.097549	-0.0000	2.936771	-3.6812	2.097612	-0.0000	2.934039	-7.3625
2.097549	-0.0000	2.957653	-3.9137	2.097612	-0.0000	2.954912	-7.8275
2.097549	-0.0000	2.978595	-4.1438	2.097612	-0.0000	2.975838	-8.2875
2.097549	-0.0000	2.999434	-4.3712	2.097612	-0.0000	2.997064	-8.7423
2.097549	-0.0000	3.020316	-4.5958	2.097612	-0.0000	3.017942	-9.1916
2.097549	-0.0000	3.041361	-4.8175	2.097612	-0.0000	3.038911	-9.6351
2.097549	-0.0000	3.062230	-5.0362	2.097612	-0.0000	3.059824	-10.0725
2.097549	-0.0000	3.083140	-5.2517	2.097612	-0.0000	3.080748	-10.5035
2.097549	-0.0000	3.104027	-5.4639	2.097612	-0.0000	3.102096	-10.9279
2.097549	-0.0000	3.125234	-5.6727	2.097612	-0.0000	3.123199	-11.3454
2.097549	-0.0000	3.146131	-5.8779	2.097612	-0.0000	3.144179	-11.7557
2.097549	-0.0000	3.167005	-6.0793	2.097612	-0.0000	3.165221	-12.1586
2.097549	-0.0000	3.187863	-6.2769	2.097612	-0.0000	3.186392	-12.5538
2.097549	-0.0000	3.208777	-6.4706	2.097612	-0.0000	3.207397	-12.9411
2.097549	-0.0000	3.229758	-6.6601	2.097612	-0.0000	3.228382	-13.3202
2.097549	-0.0000	3.250725	-6.8455	2.097612	-0.0000	3.249385	-13.6909
2.097549	-0.0000	3.272051	-7.0265	2.097612	-0.0000	3.270404	-14.0530
2.097549	-0.0000	3.293022	-7.2031	2.097612	-0.0000	3.291553	-14.4062
2.097549	-0.0000	3.313874	-7.3751	2.097612	-0.0000	3.312536	-14.7503
2.097549	-0.0000	3.335093	-7.5425	2.097612	-0.0000	3.333500	-15.0850
2.097549	-0.0000	3.355964	-7.7051	2.097612	-0.0000	3.354481	-15.4103
2.097549	-0.0000	3.376867	-7.8629	2.097612	-0.0000	3.375454	-15.7258
2.097549	-0.0000	3.397750	-8.0157	2.097612	-0.0000	3.396553	-16.0313
2.097549	-0.0000	3.418674	-8.1634	2.097612	-0.0000	3.417479	-16.3268
2.097549	-0.0000	3.439503	-8.3060	2.097612	-0.0000	3.438451	-16.6119
2.097549	-0.0000	3.460385	-8.4433	2.097612	-0.0000	3.459406	-16.8866
2.097549	-0.0000	3.481286	-8.5753	2.097612	-0.0000	3.480309	-17.1505
2.097549	-0.0000	3.502182	-8.7018	2.097612	-0.0000	3.501148	-17.4037
2.097549	-0.0000	3.523107	-8.8229	2.097612	-0.0000	3.522066	-17.6458
2.097549	-0.0000	3.544190	-8.9384	2.097612	-0.0000	3.543140	-17.8768
2.097549	-0.0000	3.565116	-9.0483	2.097612	-0.0000	3.564198	-18.0965
2.097549	-0.0000	3.585957	-9.1524	2.097612	-0.0000	3.585109	-18.3048
2.097549	-0.0000	3.606830	-9.2508	2.097612	-0.0000	3.606123	-18.5015
2.097549	-0.0000	3.627863	-9.3433	2.097612	-0.0000	3.627208	-18.6866
2.097549	-0.0000	3.648814	-9.4299	2.097612	-0.0000	3.648074	-18.8598
2.097549	-0.0000	3.669691	-9.5106	2.097612	-0.0000	3.668990	-19.0211
2.097549	-0.0000	3.690469	-9.5852	2.097612	-0.0000	3.689848	-19.1704
2.097549	-0.0000	3.711362	-9.6538	2.097612	-0.0000	3.710746	-19.3076
2.097549	-0.0000	3.732301	-9.7163	2.097612	-0.0000	3.731579	-19.4326
2.097549	-0.0000	3.753170	-9.7727	2.097612	-0.0000	3.752439	-19.5454
2.097549	-0.0000	3.774173	-9.8229	2.097612	-0.0000	3.773341	-19.6457
2.097549	-0.0000	3.795184	-9.8669	2.097612	-0.0000	3.794218	-19.7337
2.097549	-0.0000	3.816032	-9.9046	2.097612	-0.0000	3.815142	-19.8092
2.097549	-0.0000	3.836953	-9.9361	2.097612	-0.0000	3.836045	-19.8722
2.097549	-0.0000	3.858016	-9.9613	2.097612	-0.0000	3.856931	-19.9227
2.097549	-0.0000	3.878993	-9.9803	2.097612	-0.0000	3.877840	-19.9605
2.097549	-0.0000	3.899888	-9.9929	2.097612	-0.0000	3.898734	-19.9858
2.097549	-0.0000	3.920804	-9.9992	2.097612	-0.0000	3.919702	-19.9984
2.097549	-0.0000	3.941699	-9.9992	2.097612	-0.0000	3.940715	-19.9984
2.097549	-0.0000	3.962614	-9.9929	2.097612	-0.0000	3.961619	-19.9858
2.097549	-0.0000	3.983497	-9.9803	2.097612	-0.0000	3.982567	-19.9605
2.097549	-0.0000	4.004342	-9.9613	2.097612	-0.0000	4.003517	-19.9227
2.097549	-0.0000	4.025275	-9.9361	2.097612	-0.0000	4.024393	-19.8722
2.097549	-0.0000	4.046176	-9.9046	2.097612	-0.0000	4.045273	-19.8092
2.097549	-0.0000	4.067104	-9.8669	2.097612	-0.0000	4.066159	-19.7337
2.097549	-0.0000	4.088060	-9.8229	2.097612	-0.0000	4.087248	-19.6457
2.097549	-0.0000	4.108942	-9.7727	2.097612	-0.0000	4.108124	-19.5454
2.097549	-0.0000	4.129847	-9.7163	2.097612	-0.0000	4.129014	-19.4326
2.097549	-0.0000	4.150743	-9.6538	2.097612	-0.0000	4.149843	-19.3076
2.097549	-0.0000	4.171721	-9.5852	2.097612	-0.0000	4.171290	-19.1704
2.097549	-0.0000	4.192685	-9.5106	2.097612	-0.0000	4.192154	-19.0211
2.097549	-0.0000	4.213575	-9.4299	2.097612	-0.0000	4.213052	-18.8598
2.097549	-0.0000	4.234442	-9.3433	2.097612	-0.0000	4.233945	-18.6866
2.097549	-0.0000	4.255515	-9.2508	2.097612	-0.0000	4.254828	-18.5015
2.097549	-0.0000	4.276348	-9.1524	2.097612	-0.0000	4.275776	-18.3048
2.097549	-0.0000	4.297242	-9.0483	2.097612	-0.0000	4.296733	-18.0965
2.097549	-0.0000	4.318132	-8.9384	2.097612	-0.0000	4.317607	-17.8768
2.097549	-0.0000	4.338963	-8.8229	2.097612	-0.0000	4.338474	-17.6458
2.097549	-0.0000	4.360070	-8.7018	2.097612	-0.0000	4.359381	-17.4037
2.097549	-0.0000	4.380986	-8.5753	2.097612	-0.0000	4.380274	-17.1505
2.097549	-0.0000	4.402168	-8.4433	2.097612	-0.0000	4.401092	-16.8866
2.097549	-0.0000	4.423269	-8.3060	2.097612	-0.0000	4.422073	-16.6119
2.097549	-0.0000	4.444538	-8.1634	2.097612	-0.0000	4.443022	-16.3268
2.097549	-0.0000	4.465502	-8.0157	2.097612	-0.0000	4.463989	-16.0313
2.097549	-0.0000	4.486434	-7.8629	2.097612	-0.0000	4.484922	-15.7258
2.097549	-0.0000	4.507284	-7.7051	2.097612	-0.0000	4.505917	-15.4103
2.097549	-0.0000	4.528258	-7.5425	2.097612	-0.0000	4.526868	-15.0850
2.097549	-0.0000	4.549185	-7.3751	2.097612	-0.0000	4.547900	-14.7503
2.097549	-0.0000	4.570118	-7.2031	2.097612	-0.0000	4.569048	-14.4062
2.097549	-0.0000	4.590974	-7.0265	2.097612	-0.0000	4.589971	-14.0530
2.097549	-0.0000	4.611881	-6.8455	2.097612	-0.0000	4.610917	-13.6909
2.097549	-0.0000	4.632793	-6.6601	2.097612	-0.0000	4.632139	-13.3202
2.097549	-0.0000	4.653916	-6.4706	2.097612	-0.0000	4.652951	-12.9411
2.097549	-0.0000	4.674865	-6.2769	2.097612	-0.0000	4.673816	-12.5538
2.097549	-0.0000	4.695784	-6.0793	2.097612	-0.0000	4.694733	-12.1586
2.097549	-0.0000	4.716710	-5.8779	2.097612	-0.0000	4.715642	-11.7557
2.097549	-0.0000	4.737568	-5.6727	2.097612	-0.0000	4.736519	-11.3454
2.097549	-0.0000	4.758488	-5.4639	2.097612	-0.0000	4.757401	-10.9279
2.097549	-0.0000	4.779355	-5.2517	2.097612	-0.0000	4.778346	-10.5035
2.097549	-0.0000	4.800250	-5.0362	2.097612	-0.0000	4.799191	-10.0725
2.097549	-0.0000	4.821193	-4.8175	2.097612	-0.0000	4.820099	-9.6351
2.097549	-0.0000	4.842120	-4.5958	2.097612	-0.0000	4.841029	-9.1916
2.097549	-0.0000	4.863218	-4.3712	2.097612	-0.0000	4.861954	-8.7423
2.097549	-0.0000	4.884104	-4.1438	2.097612	-0.0000	4.882931	-8.2875
2.097549	-0.0000	4.905190	-3.9137	2.097612	-0.0000	4.903862	-7.8275
2.097549	-0.0000	4.926291	-3.6812	2.097612	-0.0000	4.924993	-7.3625
2.097549	-0.0000	4.947173	-3.4464	2.097612	-0.0000	4.946110	-6.8929
2.097549	-0.0000	4.968319	-3.2094	2.097612	-0.0000	4.967061	-6.4189
2.097549	-0.0000	4.989128	-2.9704	2.097612	-0.0000	4.988024	-5.9408
2.097549	-0.0000	5.010211	-2.7295	2.097612	-0.0000	5.008983	-5.4590
2.097549	-0.0000	5.031131	-2.4869	2.097612	-0.0000	5.029894	-4.9738
2.097549	-0.0000	5.052061	-2.2427	2.097612	-0.0000	5.050765	-4.4854
2.097549	-0.0000	5.073008	-1.9971	2.097612	-0.0000	5.071714	-3.9942
2.097549	-0.0000	5.094121	-1.7502	2.097612	-0.0000	5.092651	-3.5005
2.097549	-0.0000	5.115160	-1.5023	2.097612	-0.0000	5.113564	-3.0045
2.097549	-0.0000	5.136077	-1.2533	2.097612	-0.0000	5.134504	-2.5067
2.097549	-0.0000	5.157114	-1.0036	2.097612	-0.0000	5.155422	-2.0072
2.097549	-0.0000	5.178145	-0.7533	2.097612	-0.0000	5.176350	-1.5065
2.097549	-0.0000	5.199052	-0.5024	2.097612	-0.0000	5.197298	-1.0049
2.097549	-0.0000	5.219950	-0.2513	2.097612	-0.0000	5.218176	-0.5026
2.097549	-0.0000	5.240791	-0.0000	2.097612	-0.0000	5.239208	-0.0000
